>> imfinfo('dots_3gray.png')
ans =

  scalar structure containing the fields:

    Filename = C:\Users\David\Dropbox\College\UMUC\CMSC 465 Image and Signal Processing\dspguide-code\dspguide-code\sandbox\dots_3gray.png
    FileModDate = 24-Apr-2017 21:08:06
    FileSize =  4770
    Format = PNG
    FormatVersion = 
    Width =  100
    Height =  100
    BitDepth =  8
    ColorType = indexed
    DelayTime = 0
    DisposalMethod = 
    LoopCount = 0
    ByteOrder = undefined
    Gamma =  0.45455
    Chromaticities =

       0.312700   0.329000   0.640000   0.330000   0.300000   0.600000   0.150000   0.060000

    Comment = 
    Quality =  75
    Compression = undefined
    Colormap =

       0.37647   0.37647   0.37647
       0.38039   0.38039   0.38039
       0.38431   0.38431   0.38431
       0.38824   0.38824   0.38824
       0.39216   0.39216   0.39216
       0.39608   0.39608   0.39608
       0.40000   0.40000   0.40000
       0.40392   0.40392   0.40392
       0.40784   0.40784   0.40784
       0.41176   0.41176   0.41176
       0.41569   0.41569   0.41569
       0.41961   0.41961   0.41961
       0.42353   0.42353   0.42353
       0.42745   0.42745   0.42745
       0.43137   0.43137   0.43137
       0.43529   0.43529   0.43529
       0.43922   0.43922   0.43922
       0.44706   0.44706   0.44706
       0.45098   0.45098   0.45098
       0.45490   0.45490   0.45490
       0.45882   0.45882   0.45882
       0.46275   0.46275   0.46275
       0.46667   0.46667   0.46667
       0.47059   0.47059   0.47059
       0.47451   0.47451   0.47451
       0.47843   0.47843   0.47843
       0.48235   0.48235   0.48235
       0.48627   0.48627   0.48627
       0.49020   0.49020   0.49020
       0.49412   0.49412   0.49412
       0.49804   0.49804   0.49804
       0.50196   0.50196   0.50196
       0.50588   0.50588   0.50588
       0.50980   0.50980   0.50980
       0.51373   0.51373   0.51373
       0.51765   0.51765   0.51765
       0.52157   0.52157   0.52157
       0.52549   0.52549   0.52549
       0.52941   0.52941   0.52941
       0.53333   0.53333   0.53333
       0.53725   0.53725   0.53725
       0.54118   0.54118   0.54118
       0.54510   0.54510   0.54510
       0.54902   0.54902   0.54902
       0.55294   0.55294   0.55294
       0.55686   0.55686   0.55686
       0.56078   0.56078   0.56078
       0.56471   0.56471   0.56471
       0.56863   0.56863   0.56863
       0.57255   0.57255   0.57255
       0.57647   0.57647   0.57647
       0.58039   0.58039   0.58039
       0.58431   0.58431   0.58431
       0.58824   0.58824   0.58824
       0.59216   0.59216   0.59216
       0.59608   0.59608   0.59608
       0.60000   0.60000   0.60000
       0.60392   0.60392   0.60392
       0.60784   0.60784   0.60784
       0.61176   0.61176   0.61176
       0.61569   0.61569   0.61569
       0.61961   0.61961   0.61961
       0.62353   0.62353   0.62353
       0.62745   0.62745   0.62745
       0.63137   0.63137   0.63137
       0.63529   0.63529   0.63529
       0.63922   0.63922   0.63922
       0.64314   0.64314   0.64314
       0.64706   0.64706   0.64706
       0.65098   0.65098   0.65098
       0.65490   0.65490   0.65490
       0.65882   0.65882   0.65882
       0.66275   0.66275   0.66275
       0.66667   0.66667   0.66667
       0.67059   0.67059   0.67059
       0.67451   0.67451   0.67451
       0.67843   0.67843   0.67843
       0.68235   0.68235   0.68235
       0.68627   0.68627   0.68627
       0.69020   0.69020   0.69020
       0.69412   0.69412   0.69412
       0.69804   0.69804   0.69804
       0.70196   0.70196   0.70196
       0.70588   0.70588   0.70588
       0.70980   0.70980   0.70980
       0.71373   0.71373   0.71373
       0.71765   0.71765   0.71765
       0.72157   0.72157   0.72157
       0.72549   0.72549   0.72549
       0.72941   0.72941   0.72941
       0.73333   0.73333   0.73333
       0.73725   0.73725   0.73725
       0.74118   0.74118   0.74118
       0.74510   0.74510   0.74510
       0.74902   0.74902   0.74902
       0.75294   0.75294   0.75294
       0.75686   0.75686   0.75686
       0.76078   0.76078   0.76078
       0.76471   0.76471   0.76471
       0.76863   0.76863   0.76863
       0.77255   0.77255   0.77255
       0.77647   0.77647   0.77647
       0.78039   0.78039   0.78039
       0.78431   0.78431   0.78431
       0.78824   0.78824   0.78824
       0.79216   0.79216   0.79216
       0.79608   0.79608   0.79608
       0.80000   0.80000   0.80000
       0.80392   0.80392   0.80392
       0.80784   0.80784   0.80784
       0.81176   0.81176   0.81176
       0.81569   0.81569   0.81569
       0.81961   0.81961   0.81961
       0.82353   0.82353   0.82353
       0.82745   0.82745   0.82745
       0.83137   0.83137   0.83137
       0.83529   0.83529   0.83529
       0.83922   0.83922   0.83922
       0.84314   0.84314   0.84314
       0.84706   0.84706   0.84706
       0.85098   0.85098   0.85098
       0.85490   0.85490   0.85490
       0.85882   0.85882   0.85882
       0.86275   0.86275   0.86275
       0.86667   0.86667   0.86667
       0.87059   0.87059   0.87059
       0.87451   0.87451   0.87451
       0.87843   0.87843   0.87843
       0.88235   0.88235   0.88235
       0.88627   0.88627   0.88627
       0.89020   0.89020   0.89020
       0.89412   0.89412   0.89412
       0.89804   0.89804   0.89804
       0.90196   0.90196   0.90196
       0.90588   0.90588   0.90588
       0.90980   0.90980   0.90980
       0.91373   0.91373   0.91373
       0.91765   0.91765   0.91765
       0.92157   0.92157   0.92157
       0.92549   0.92549   0.92549
       0.92941   0.92941   0.92941
       0.93333   0.93333   0.93333
       0.93725   0.93725   0.93725
       0.94118   0.94118   0.94118
       0.94510   0.94510   0.94510
       0.94902   0.94902   0.94902
       0.95294   0.95294   0.95294
       0.95686   0.95686   0.95686
       0.96078   0.96078   0.96078
       0.96471   0.96471   0.96471
       0.96863   0.96863   0.96863
       0.97255   0.97255   0.97255
       0.97647   0.97647   0.97647
       0.98039   0.98039   0.98039
       0.98431   0.98431   0.98431
       0.98824   0.98824   0.98824
       0.99216   0.99216   0.99216
       0.99608   0.99608   0.99608
       1.00000   1.00000   1.00000
       0.00000   0.00000   0.00000
       0.00000   0.00000   0.00000
       0.00000   0.00000   0.00000
       0.00000   0.00000   0.00000
       0.00000   0.00000   0.00000
       0.00000   0.00000   0.00000
       0.00000   0.00000   0.00000
       0.00000   0.00000   0.00000
       0.00000   0.00000   0.00000
       0.00000   0.00000   0.00000
       0.00000   0.00000   0.00000
       0.00000   0.00000   0.00000
       0.00000   0.00000   0.00000
       0.00000   0.00000   0.00000
       0.00000   0.00000   0.00000
       0.00000   0.00000   0.00000
       0.00000   0.00000   0.00000
       0.00000   0.00000   0.00000
       0.00000   0.00000   0.00000
       0.00000   0.00000   0.00000
       0.00000   0.00000   0.00000
       0.00000   0.00000   0.00000
       0.00000   0.00000   0.00000
       0.00000   0.00000   0.00000
       0.00000   0.00000   0.00000
       0.00000   0.00000   0.00000
       0.00000   0.00000   0.00000
       0.00000   0.00000   0.00000
       0.00000   0.00000   0.00000
       0.00000   0.00000   0.00000
       0.00000   0.00000   0.00000
       0.00000   0.00000   0.00000
       0.00000   0.00000   0.00000
       0.00000   0.00000   0.00000
       0.00000   0.00000   0.00000
       0.00000   0.00000   0.00000
       0.00000   0.00000   0.00000
       0.00000   0.00000   0.00000
       0.00000   0.00000   0.00000
       0.00000   0.00000   0.00000
       0.00000   0.00000   0.00000
       0.00000   0.00000   0.00000
       0.00000   0.00000   0.00000
       0.00000   0.00000   0.00000
       0.00000   0.00000   0.00000
       0.00000   0.00000   0.00000
       0.00000   0.00000   0.00000
       0.00000   0.00000   0.00000
       0.00000   0.00000   0.00000
       0.00000   0.00000   0.00000
       0.00000   0.00000   0.00000
       0.00000   0.00000   0.00000
       0.00000   0.00000   0.00000
       0.00000   0.00000   0.00000
       0.00000   0.00000   0.00000
       0.00000   0.00000   0.00000
       0.00000   0.00000   0.00000
       0.00000   0.00000   0.00000
       0.00000   0.00000   0.00000
       0.00000   0.00000   0.00000
       0.00000   0.00000   0.00000
       0.00000   0.00000   0.00000
       0.00000   0.00000   0.00000
       0.00000   0.00000   0.00000
       0.00000   0.00000   0.00000
       0.00000   0.00000   0.00000
       0.00000   0.00000   0.00000
       0.00000   0.00000   0.00000
       0.00000   0.00000   0.00000
       0.00000   0.00000   0.00000
       0.00000   0.00000   0.00000
       0.00000   0.00000   0.00000
       0.00000   0.00000   0.00000
       0.00000   0.00000   0.00000
       0.00000   0.00000   0.00000
       0.00000   0.00000   0.00000
       0.00000   0.00000   0.00000
       0.00000   0.00000   0.00000
       0.00000   0.00000   0.00000
       0.00000   0.00000   0.00000
       0.00000   0.00000   0.00000
       0.00000   0.00000   0.00000
       0.00000   0.00000   0.00000
       0.00000   0.00000   0.00000
       0.00000   0.00000   0.00000
       0.00000   0.00000   0.00000
       0.00000   0.00000   0.00000
       0.00000   0.00000   0.00000
       0.00000   0.00000   0.00000
       0.00000   0.00000   0.00000
       0.00000   0.00000   0.00000
       0.00000   0.00000   0.00000
       0.00000   0.00000   0.00000
       0.00000   0.00000   0.00000
       0.00000   0.00000   0.00000
       0.00000   0.00000   0.00000
       0.00000   0.00000   0.00000

    Orientation =  1
    ResolutionUnit = Centimeter
    XResolution =  37.790
    YResolution =  37.790
    Software = paint.net 4.0.15
    Make = 
    Model = 
    DateTime = 
    ImageDescription = 
    Artist = 
    Copyright = 
    DigitalCamera =

      scalar structure containing the fields:


    GPSInfo =

      scalar structure containing the fields:


>> dots3 = imread('dots_3gray.png');
>> imshow(dots3)
>> dots3
dots3 =

 Columns 1 through 32:

  156  157  157  156  156  153  150  146  141  135  129  125  121  116  115  115  116  117  121  125  129  134  139  142  146  149  150  151  152  153  155  155
  157  158  158  157  156  153  150  147  141  136  129  125  122  117  115  115  116  118  122  125  130  135  139  143  146  149  151  151  153  153  155  155
  157  158  158  157  156  153  150  147  141  136  129  125  121  117  115  115  116  118  122  125  130  134  139  143  146  149  150  151  153  153  155  155
  156  157  157  156  155  152  149  146  140  135  128  123  120  115  113  113  114  116  120  124  128  133  138  141  145  148  150  150  152  153  154  155
  155  156  156  155  154  151  148  144  138  133  126  121  117  112  110  110  111  113  117  121  126  131  136  139  143  146  148  149  151  151  153  154
  152  153  153  152  151  148  145  141  135  129  121  116  112  107  105  105  106  108  112  116  121  126  131  136  140  143  145  146  148  150  152  153
  149  150  150  149  148  145  141  137  130  123  115  110  105   99   97   97   98  100  105  109  115  120  126  130  135  138  141  143  145  147  149  151
  145  146  146  145  144  140  136  131  124  116  108  101   96   90   87   87   88   91   95  100  106  112  118  124  129  133  136  138  141  143  147  149
  140  141  141  139  138  134  130  124  115  107   97   90   83   77   74   73   75   77   83   88   95  102  109  115  120  125  129  132  136  139  143  145
  135  136  136  134  132  129  123  117  107   98   88   79   72   65   61   61   62   65   71   77   84   92   99  106  113  118  122  126  131  134  139  142
  129  130  130  128  126  122  116  108   98   88   76   66   58   51   47   46   47   51   57   63   72   80   88   96  103  109  114  119  125  129  135  139
  124  125  125  123  121  116  110  102   90   79   67   56   47   39   34   33   35   39   46   52   62   70   79   88   96  102  108  113  120  125  131  136
  119  120  120  119  116  111  104   95   83   71   58   46   37   29   23   22   24   28   35   42   52   61   71   81   89   96  102  108  115  121  128  133
  115  116  116  114  111  107   99   90   76   64   50   37   27   18   14   12   14   18   25   33   43   53   63   74   82   90   96  103  111  118  125  131
  112  113  114  112  109  104   96   86   72   59   45   32   21   13    7    5    7   12   19   27   38   48   58   69   78   86   93  100  109  115  123  129
  111  112  112  110  107  102   94   84   70   57   42   28   17    9    3    1    3    8   16   23   35   45   56   67   76   84   91   98  107  114  122  128
  111  112  112  110  107  102   94   84   69   56   41   28   17    8    2    0    2    7   16   23   34   44   55   66   75   84   91   98  107  114  122  128
  112  113  113  111  108  103   95   84   70   57   42   29   17    9    3    1    3    8   16   24   35   45   56   67   76   84   91   99  108  115  122  129
  114  115  114  113  110  104   96   86   72   59   44   31   20   12    6    4    6   11   18   26   37   48   58   70   79   87   93  100  109  116  124  129
  116  117  116  115  112  106   99   89   75   62   47   35   24   15   10    8   10   15   22   30   41   51   62   73   81   89   96  103  111  118  125  131
  119  120  119  118  115  110  102   92   79   66   52   40   29   20   16   13   16   19   27   35   46   56   66   77   85   93   99  106  114  120  127  132
  121  123  122  120  118  112  105   96   82   71   57   45   34   25   20   18   20   25   33   41   51   61   71   81   89   97  103  109  117  122  129  134
  124  125  125  123  121  116  109  100   86   75   61   50   40   31   26   24   26   31   39   46   56   66   75   86   93  100  106  112  119  124  131  135
  128  129  128  126  124  119  113  104   91   80   67   57   47   38   34   32   34   38   46   53   63   72   81   91   98  105  110  116  122  127  133  137
  130  131  130  129  127  122  116  107   95   85   72   62   53   45   40   38   40   45   52   59   68   77   86   95  102  108  114  119  125  129  134  139
  133  134  133  132  130  125  119  111   99   90   78   68   59   52   48   46   48   52   58   65   74   83   91   99  106  112  117  122  128  131  136  140
  135  136  135  134  132  127  122  115  104   94   83   74   66   59   55   53   55   59   65   72   80   88   96  104  110  116  120  125  130  134  138  142
  137  138  137  136  135  130  125  119  108  100   90   81   73   67   63   62   63   67   73   79   86   94  101  109  115  120  124  128  133  136  140  143
  140  141  140  140  138  134  129  123  114  106   97   90   83   77   74   72   74   77   82   88   95  102  108  115  120  124  128  132  136  139  142  145
  143  143  143  142  141  137  133  128  119  112  104   97   91   86   83   82   83   86   91   96  102  108  114  120  125  129  132  135  139  141  144  146
  146  146  146  145  144  141  137  133  126  120  113  106  101   97   94   93   94   97  101  105  111  116  121  126  131  134  137  139  142  144  147  148
  148  149  148  148  147  144  141  137  131  125  119  114  110  106  104  103  104  106  109  113  118  123  127  132  135  138  140  143  145  146  149  150
  151  151  151  150  149  147  144  141  136  131  126  121  118  114  112  112  112  114  117  121  125  129  133  137  140  142  144  146  148  149  150  151
  153  153  153  153  152  150  148  145  141  137  133  129  126  123  122  122  122  123  126  128  132  135  139  142  144  146  147  149  150  151  152  153
  155  155  155  155  153  152  150  148  144  141  138  134  132  130  129  129  129  130  132  134  138  140  143  145  148  149  150  151  152  153  154  154
  156  156  156  156  155  154  152  151  148  145  142  140  138  136  135  135  135  136  138  140  142  144  147  149  151  152  152  153  154  154  155  155
  157  157  157  157  156  155  154  152  150  148  146  143  142  140  139  140  139  140  142  143  146  147  150  151  153  153  154  155  155  155  156  156
  158  157  158  158  157  156  155  154  152  150  148  146  145  144  143  143  143  144  145  146  148  150  152  153  154  155  155  156  156  156  156  156
  158  158  158  158  157  157  156  155  154  152  151  149  148  147  147  147  147  147  148  149  151  152  153  154  155  156  156  156  157  156  157  157
  158  158  158  158  158  157  156  156  155  153  152  151  150  150  149  149  149  150  150  151  152  153  155  155  156  156  157  157  157  157  157  157
  158  158  158  158  158  157  157  156  155  154  154  153  152  152  151  152  151  152  152  153  154  154  155  156  156  157  157  157  157  157  157  157
  158  158  158  158  158  157  157  157  156  155  155  154  154  153  153  153  153  153  154  154  155  155  156  156  157  157  157  157  157  157  157  157
  158  158  158  158  158  157  157  157  156  156  155  155  155  154  154  154  154  154  155  155  156  156  156  157  157  157  157  157  157  157  157  157
  158  158  158  158  157  157  157  157  157  157  156  156  156  156  156  156  156  156  156  156  156  156  157  157  157  157  157  157  157  157  157  157
  157  157  157  157  157  157  157  157  157  157  157  157  157  157  157  157  157  157  157  157  157  157  157  157  157  157  157  157  157  157  157  157
  158  158  158  158  158  158  158  158  158  158  158  158  158  158  158  158  158  158  158  158  158  158  158  158  158  158  158  158  158  158  158  158
  158  158  158  158  158  158  158  158  158  158  158  158  158  158  158  158  158  158  158  158  158  158  158  158  158  158  158  158  158  158  158  158
  158  158  158  158  158  158  158  158  158  158  158  158  158  158  158  158  158  158  158  158  158  158  158  158  158  158  158  158  158  158  158  158
  158  158  158  158  158  158  158  158  158  158  158  158  158  158  158  158  158  158  158  158  158  158  158  158  158  158  158  158  158  158  158  158
  158  158  158  158  158  158  158  158  158  158  158  158  158  158  158  158  158  158  158  158  158  158  158  158  158  158  158  158  158  158  158  158
  158  158  158  158  158  158  158  158  158  158  158  158  158  158  158  158  158  158  158  158  158  158  158  158  158  158  158  158  158  158  158  158
  158  158  158  158  158  158  158  158  158  158  158  158  158  158  158  158  158  158  158  158  158  158  158  158  158  158  158  158  158  158  158  158
  158  158  158  158  158  158  158  158  158  158  158  158  158  158  158  158  158  158  158  158  158  158  158  158  158  158  158  158  158  158  158  158
  158  158  158  158  158  158  158  158  158  158  158  158  158  158  158  158  158  158  158  158  158  158  158  158  158  158  158  158  158  158  158  158
  158  158  158  158  158  158  158  158  158  158  158  158  158  158  158  158  158  158  158  158  158  158  158  158  158  158  158  158  158  158  158  158
  158  158  158  158  158  158  158  158  158  158  158  158  158  158  158  158  158  158  158  158  158  158  158  158  158  157  157  157  158  158  158  157
  158  158  158  158  158  158  158  158  158  158  158  158  158  158  158  158  158  158  158  158  158  158  158  158  158  157  157  157  158  158  158  158
  158  158  158  158  158  158  158  158  158  158  158  158  158  158  158  158  158  158  158  158  158  158  158  158  158  157  157  157  158  158  158  158
  158  158  158  158  158  158  158  158  158  158  158  158  158  158  158  158  158  158  158  158  158  158  158  158  158  157  157  157  158  158  158  158
  158  158  158  158  158  158  158  158  158  158  158  158  158  158  158  158  158  158  158  158  158  158  158  158  158  157  157  157  158  158  158  158
  158  158  158  158  158  158  158  158  158  158  158  158  158  158  158  158  158  158  158  158  158  158  158  158  158  157  157  157  158  158  158  158
  158  158  158  158  158  158  158  158  158  158  158  158  158  158  158  158  158  158  158  158  158  158  158  158  158  157  157  157  158  158  158  158
  158  158  158  158  158  158  158  158  158  158  158  158  158  158  158  158  158  158  158  158  158  158  158  158  158  157  157  157  158  158  158  158
  158  158  158  158  158  158  158  158  158  158  158  158  158  158  158  158  158  158  158  158  158  158  158  158  158  157  157  157  158  158  158  157
  158  158  158  158  158  158  158  158  158  158  158  158  158  158  158  158  158  158  158  158  158  158  158  158  158  157  157  157  158  158  158  157
  158  158  158  158  158  158  158  158  158  158  158  158  158  158  158  158  158  158  158  158  158  158  158  158  158  156  156  156  157  157  157  156
  158  158  158  158  158  158  158  158  158  158  158  158  158  158  158  158  158  158  158  158  158  158  158  158  158  156  156  156  157  157  157  155
  158  158  158  158  158  158  158  158  158  158  158  158  158  158  158  158  158  158  158  158  158  158  158  158  158  156  156  156  156  156  156  154
  158  158  158  158  158  158  158  158  158  158  158  158  158  158  158  158  158  158  158  158  158  158  158  158  158  156  156  155  156  155  154  153
  158  158  158  158  158  158  158  158  158  158  158  158  158  158  158  158  158  158  158  158  158  158  158  158  158  156  156  155  155  154  153  151
  158  158  158  158  158  158  158  158  158  158  158  158  158  158  158  158  158  158  158  158  158  158  158  158  158  156  156  155  154  153  152  149
  158  158  158  158  158  158  158  158  158  158  158  158  158  158  158  158  158  158  158  158  158  158  158  158  158  156  156  154  153  152  151  148
  158  158  158  158  158  158  158  158  158  158  158  158  158  158  158  158  158  158  158  158  158  158  158  158  158  156  156  154  153  151  149  147
  158  158  158  158  158  158  158  158  158  158  158  158  158  158  158  158  158  158  158  158  158  158  158  158  158  156  156  154  152  150  148  146
  158  158  158  158  158  158  158  158  158  158  158  158  158  158  158  158  158  158  158  158  158  158  158  158  158  156  156  154  152  150  148  145
  158  158  158  158  158  158  158  158  158  158  158  158  158  158  158  158  158  158  158  158  158  158  158  158  158  157  155  153  151  149  147  144
  158  158  158  158  158  158  158  158  158  158  158  158  158  158  158  158  158  158  158  158  158  158  158  158  158  157  155  153  151  149  147  144
  158  158  158  158  158  158  158  158  158  158  158  158  158  158  158  158  158  158  158  158  158  158  158  158  158  157  155  153  151  149  147  144
  158  158  158  158  158  158  158  158  158  158  158  158  158  158  158  158  158  158  158  158  158  158  158  158  158  157  155  154  152  150  147  145
  158  158  158  158  158  158  158  158  158  158  158  158  158  158  158  158  158  158  158  158  158  158  158  158  158  157  155  154  152  150  148  145
  158  158  158  158  158  158  158  158  158  158  158  158  158  158  158  158  158  158  158  158  158  158  158  158  158  157  155  154  152  150  148  146
  158  158  158  158  158  158  158  158  158  158  158  158  158  158  158  158  158  158  158  158  158  158  158  158  158  157  155  154  152  151  149  146
  158  158  158  158  158  158  158  158  158  158  158  158  158  158  158  158  158  158  158  158  158  158  158  158  158  157  155  154  153  151  149  147
  158  158  158  158  158  158  158  158  158  158  158  158  158  158  158  158  158  158  158  158  158  158  158  158  158  157  155  154  153  152  150  147
  158  158  158  158  158  158  158  158  158  158  158  158  158  158  158  158  158  158  158  158  158  158  158  158  158  157  155  154  153  152  150  148
  158  158  158  158  158  158  158  158  158  158  158  158  158  158  158  158  158  158  158  158  158  158  158  158  158  157  156  155  154  153  151  149
  158  158  158  158  158  158  158  158  158  158  158  158  158  158  158  158  158  158  158  158  158  158  158  158  158  157  156  155  154  153  151  149
  158  158  158  158  158  158  158  158  158  158  158  158  158  158  158  158  158  158  158  158  158  158  158  158  158  157  156  155  154  154  152  150
  158  158  158  158  158  158  158  158  158  158  158  158  158  158  158  158  158  158  158  158  158  158  158  158  158  157  156  155  155  154  153  151
  158  158  158  158  158  158  158  158  158  158  158  158  158  158  158  158  158  158  158  158  158  158  158  158  158  157  156  155  155  155  153  152
  158  158  158  158  158  158  158  158  158  158  158  158  158  158  158  158  158  158  158  158  158  158  158  158  158  157  156  156  156  155  154  153
  158  158  158  158  158  158  158  158  158  158  158  158  158  158  158  158  158  158  158  158  158  158  158  158  158  157  156  156  156  156  155  154
  158  158  158  158  158  158  158  158  158  158  158  158  158  158  158  158  158  158  158  158  158  158  158  158  158  157  156  156  157  156  155  155
  158  158  158  158  158  158  158  158  158  158  158  158  158  158  158  158  158  158  158  158  158  158  158  158  158  157  156  156  157  157  156  156
  158  158  158  158  158  158  158  158  158  158  158  158  158  158  158  158  158  158  158  158  158  158  158  158  158  157  156  156  157  157  156  156
  158  158  158  158  158  158  158  158  158  158  158  158  158  158  158  158  158  158  158  158  158  158  158  158  158  157  157  157  158  158  157  157
  158  158  158  158  158  158  158  158  158  158  158  158  158  158  158  158  158  158  158  158  158  158  158  158  158  157  157  157  158  158  157  157
  158  158  158  158  158  158  158  158  158  158  158  158  158  158  158  158  158  158  158  158  158  158  158  158  158  157  157  157  158  158  157  157
  158  158  158  158  158  158  158  158  158  158  158  158  158  158  158  158  158  158  158  158  158  158  158  158  158  157  157  157  158  158  157  157
  158  158  158  158  158  158  158  158  158  158  158  158  158  158  158  158  158  158  158  158  158  158  158  158  158  157  157  157  158  158  157  157

 Columns 33 through 64:

  156  155  156  157  157  158  158  158  158  158  158  158  157  158  158  158  158  158  158  158  158  158  158  157  157  157  158  158  158  157  157  157
  156  156  156  157  157  158  158  158  158  158  158  158  157  158  158  158  158  158  158  158  158  158  158  157  157  157  158  158  158  157  158  157
  156  156  156  157  157  158  158  158  158  158  158  158  157  158  158  158  158  158  158  158  158  158  158  157  157  157  158  158  158  157  158  157
  156  155  156  157  157  158  158  158  158  158  158  158  157  158  158  158  158  158  158  158  158  158  158  157  157  157  158  158  158  157  157  156
  155  155  156  157  157  158  158  158  158  158  158  158  157  158  158  158  158  158  158  158  158  158  158  157  157  157  158  158  158  157  157  156
  154  154  155  156  156  157  157  157  157  157  157  157  157  158  158  158  158  158  158  158  158  158  158  157  156  156  157  157  157  156  156  155
  152  153  154  156  156  157  157  157  157  157  157  157  157  158  158  158  158  158  158  158  158  158  158  157  156  156  157  157  156  155  155  154
  151  152  154  155  156  157  157  157  157  157  157  157  157  158  158  158  158  158  158  158  158  158  158  157  156  156  157  156  156  154  154  152
  148  150  152  154  155  157  157  157  157  157  157  157  157  158  158  158  158  158  158  158  158  158  158  157  156  155  156  155  154  153  152  150
  146  148  151  153  155  156  157  157  157  157  157  157  157  158  158  158  158  158  158  158  158  158  158  157  156  155  155  154  153  152  150  148
  143  146  150  152  154  156  156  157  157  157  157  157  157  158  158  158  158  158  158  158  158  158  158  157  156  155  155  153  152  150  148  145
  140  145  148  151  154  155  156  157  157  157  157  157  157  158  158  158  158  158  158  158  158  158  158  157  156  154  154  153  150  149  147  143
  138  143  147  151  153  155  156  157  157  157  157  157  157  158  158  158  158  158  158  158  158  158  158  157  156  154  153  152  149  147  145  142
  136  142  146  150  153  155  156  157  157  157  157  157  157  158  158  158  158  158  158  158  158  158  158  157  156  154  153  151  148  146  144  140
  135  141  146  150  153  155  156  157  157  157  157  157  157  158  158  158  158  158  158  158  158  158  158  157  156  154  153  151  148  146  143  139
  134  140  145  149  152  154  155  157  157  157  157  156  157  158  158  158  158  158  158  158  158  158  158  157  156  153  152  150  147  145  142  138
  134  140  145  149  152  154  155  157  157  157  157  156  157  158  158  158  158  158  158  158  158  158  158  157  156  154  152  150  147  145  142  138
  135  141  146  150  153  154  156  157  157  157  157  156  157  158  158  158  158  158  158  158  158  158  158  157  156  154  152  151  148  146  143  139
  135  141  146  150  153  155  156  157  157  157  157  156  157  158  158  158  158  158  158  158  158  158  158  157  156  154  153  151  148  146  143  139
  136  142  147  151  153  155  156  157  157  157  157  156  157  158  158  158  158  158  158  158  158  158  158  157  156  154  153  151  149  147  144  140
  138  143  147  151  153  155  156  157  157  157  157  156  157  158  158  158  158  158  158  158  158  158  158  157  156  154  153  152  149  148  145  141
  139  144  148  152  154  155  156  157  157  157  157  156  157  158  158  158  158  158  158  158  158  158  158  157  156  155  153  152  150  149  146  143
  140  145  149  152  154  155  156  157  157  157  157  156  157  158  158  158  158  158  158  158  158  158  158  157  156  155  154  152  151  150  147  144
  142  146  150  153  154  155  156  157  157  157  157  156  157  158  158  158  158  158  158  158  158  158  158  157  156  155  154  153  152  150  148  145
  143  147  150  153  154  155  156  157  157  157  157  156  157  158  158  158  158  158  158  158  158  158  158  157  156  155  154  153  152  151  149  146
  144  148  151  154  155  156  157  157  157  157  157  156  156  158  158  158  158  158  158  158  158  158  158  156  157  156  155  154  153  152  150  147
  145  149  151  154  155  156  157  157  157  157  157  156  156  158  158  158  158  158  158  158  158  158  158  156  157  156  155  154  153  152  151  148
  146  149  152  154  155  156  157  157  157  157  157  156  156  158  158  158  158  158  158  158  158  158  158  156  157  156  155  154  154  153  151  149
  148  150  152  155  155  156  157  157  157  157  157  156  156  158  158  158  158  158  158  158  158  158  158  156  157  156  155  155  154  153  152  150
  149  151  153  155  155  156  157  157  157  157  157  156  156  158  158  158  158  158  158  158  158  158  158  156  157  156  155  155  154  154  153  151
  151  152  153  155  156  156  156  157  157  157  157  156  156  158  158  158  158  158  158  158  158  158  158  156  156  156  156  155  155  155  154  152
  152  153  154  156  156  156  156  157  157  157  157  156  156  158  158  158  158  158  158  158  158  158  158  156  156  156  156  156  155  155  154  153
  153  154  154  156  156  156  156  157  157  157  157  156  156  158  158  158  158  158  158  158  158  158  158  156  156  156  156  156  156  155  155  154
  154  155  155  156  156  156  156  157  157  157  157  156  156  158  158  158  158  158  158  158  158  158  158  156  156  156  156  156  156  156  156  154
  155  155  155  156  156  156  156  157  157  157  157  156  156  158  158  158  158  158  158  158  158  158  158  156  156  156  156  156  156  156  156  155
  156  156  156  157  157  157  157  157  157  157  157  157  157  158  158  158  158  158  158  158  158  158  158  157  157  157  157  157  157  157  157  156
  156  156  156  157  157  157  157  157  157  157  157  157  157  158  158  158  158  158  158  158  158  158  158  157  157  157  157  157  157  157  157  156
  157  156  156  157  157  157  157  157  157  157  157  157  157  158  158  158  158  158  158  158  158  158  158  157  157  157  157  157  157  157  157  156
  157  157  156  157  157  157  157  157  157  157  157  157  157  158  158  158  158  158  158  158  158  158  158  157  157  157  157  157  157  157  157  157
  157  157  157  157  157  157  157  157  157  157  157  157  157  158  158  158  158  158  158  158  158  158  158  157  157  157  157  157  157  157  157  157
  157  157  157  157  157  157  157  157  157  157  157  157  157  158  158  158  158  158  158  158  158  158  158  157  157  157  157  157  157  157  157  157
  157  157  157  157  157  157  157  157  157  157  157  157  157  158  158  158  158  158  158  158  158  158  158  157  157  157  157  157  157  157  157  157
  157  157  157  157  157  157  157  157  157  157  157  157  157  158  158  158  158  158  158  158  158  158  158  157  157  157  157  157  157  157  157  157
  157  157  157  157  157  157  157  157  157  157  157  157  157  158  158  158  158  158  158  158  158  158  158  157  157  157  157  157  157  157  157  157
  157  157  157  157  157  157  157  157  157  157  157  157  157  158  158  158  158  158  158  158  158  158  158  157  157  157  157  157  157  157  157  157
  158  158  158  158  158  158  158  158  158  158  158  158  158  158  158  158  158  158  158  158  158  158  158  158  158  158  158  158  158  158  158  158
  158  158  158  158  158  158  158  158  158  158  158  158  158  158  158  158  158  158  158  158  158  158  158  158  158  158  158  158  158  158  158  158
  158  158  158  158  158  158  158  158  158  158  158  158  158  158  158  158  158  158  158  158  158  158  158  158  158  158  158  158  158  158  158  158
  158  158  158  158  158  158  158  158  158  158  158  158  158  158  158  158  158  158  158  158  158  158  158  158  158  158  158  158  158  158  158  158
  158  158  158  158  158  158  158  158  158  158  158  158  158  158  158  158  158  158  158  158  158  158  158  158  158  158  158  158  158  158  158  158
  158  158  158  158  158  158  158  158  158  158  158  158  158  158  158  158  158  158  158  158  158  158  158  158  158  158  158  158  158  158  158  158
  158  158  158  158  158  158  158  158  158  158  158  158  158  158  158  158  158  158  158  158  158  158  158  158  158  158  158  158  158  158  158  158
  158  158  158  158  158  158  158  158  158  158  158  158  158  158  158  158  158  158  158  158  158  158  158  158  158  158  158  158  158  158  158  158
  158  158  158  158  158  158  158  158  158  158  158  158  158  158  158  158  158  158  158  158  158  158  158  158  158  158  158  158  158  158  158  158
  158  158  158  158  158  158  158  158  158  158  158  158  158  158  158  158  158  158  158  158  158  158  158  158  158  158  158  158  158  158  158  158
  157  157  157  157  157  157  157  157  157  157  157  157  157  157  157  157  157  157  157  157  157  157  157  157  157  157  157  157  157  157  157  157
  158  157  157  157  157  157  157  156  156  156  156  155  155  155  155  155  155  155  155  155  155  155  155  155  155  156  156  156  156  157  157  157
  158  158  157  157  157  157  156  156  155  155  154  154  154  154  153  153  153  153  153  153  153  153  153  154  154  154  155  155  156  156  156  157
  158  158  157  157  157  156  155  155  154  153  153  152  152  151  151  151  151  151  151  151  151  151  151  151  152  152  153  154  155  155  156  157
  158  158  157  157  157  156  155  154  153  152  151  150  149  149  149  149  148  148  148  148  148  149  149  149  150  150  152  153  154  154  155  156
  158  158  157  157  156  155  154  152  151  150  149  147  146  146  146  145  145  145  145  145  145  145  146  146  147  148  150  151  152  153  155  156
  158  157  157  157  156  154  153  151  150  148  146  145  144  143  143  142  142  142  142  142  142  142  143  143  144  145  148  149  151  152  154  155
  158  157  157  156  155  153  151  149  147  146  144  142  140  140  139  139  138  138  138  138  138  139  139  140  141  142  145  147  149  151  153  154
  157  157  156  155  154  151  149  147  145  142  140  138  136  135  135  134  133  133  133  133  133  134  135  135  137  138  142  144  146  149  151  153
  157  156  155  154  153  150  147  144  142  139  136  134  132  131  130  129  128  128  128  128  128  129  130  131  133  134  138  141  144  146  149  152
  156  155  154  153  151  147  144  141  138  134  131  128  126  125  124  123  121  121  121  121  121  123  124  125  127  129  133  136  140  143  146  149
  155  154  152  151  148  145  141  137  133  129  126  122  119  118  117  115  114  114  114  114  114  115  117  118  120  123  128  132  135  139  143  147
  154  152  150  148  145  141  137  132  127  123  119  115  112  110  108  107  106  105  105  105  106  107  108  110  113  116  121  126  130  135  139  144
  152  150  148  145  141  137  131  126  120  115  110  105  102  100   98   96   95   94   94   94   95   96   98  100  103  107  113  118  124  129  134  139
  150  147  145  142  138  133  126  121  114  108  103   97   93   90   88   87   85   84   84   84   85   86   88   91   94   99  105  111  118  123  129  136
  148  145  142  138  133  128  121  114  106  100   93   87   83   80   77   75   73   72   72   72   73   75   77   80   84   89   96  103  111  117  124  131
  146  143  140  135  130  124  116  109  100   93   86   79   75   71   68   66   63   63   63   63   63   65   68   72   76   81   89   96  105  112  119  127
  144  141  138  133  127  120  112  104   94   86   79   71   67   63   59   57   55   54   54   54   55   57   59   64   68   74   82   90   99  107  115  124
  143  139  135  130  123  117  107   99   89   80   73   64   59   55   51   49   46   45   45   45   46   48   51   56   60   67   76   84   94  103  111  121
  142  138  134  128  121  114  105   96   85   76   68   60   55   50   46   44   41   40   40   40   41   43   46   51   56   63   71   80   91  100  109  118
  141  137  133  127  120  113  103   94   83   74   66   56   51   46   42   40   37   36   36   36   37   39   42   47   52   59   69   78   89   98  107  117
  141  137  133  127  120  112  102   93   82   72   64   55   50   45   41   39   36   35   35   35   36   38   41   46   51   58   67   77   88   97  106  117
  141  137  133  127  120  112  102   93   82   72   64   55   50   45   41   38   36   34   34   34   36   37   41   46   51   58   67   77   88   97  106  117
  142  137  133  127  120  113  103   93   82   73   65   56   51   46   42   40   37   36   36   36   37   38   42   46   52   59   68   77   89   98  107  117
  142  138  134  128  121  114  104   94   84   75   67   58   53   48   44   41   39   38   38   38   39   40   44   48   54   61   70   79   90   99  108  118
  143  138  135  129  122  115  106   96   86   77   69   61   55   51   47   45   42   41   41   41   42   44   47   51   57   64   72   81   92  101  110  120
  144  139  135  130  124  117  107   98   88   79   72   64   59   54   50   48   46   45   45   45   46   47   50   54   60   67   75   84   94  103  112  121
  144  140  136  131  125  118  109  100   91   82   76   68   62   58   54   52   50   49   49   49   50   51   54   58   63   70   78   87   97  106  114  123
  145  141  138  132  127  120  112  103   95   86   80   72   67   62   59   57   55   54   54   54   55   56   59   63   68   74   82   90  100  108  116  125
  146  142  139  134  128  122  114  106   98   89   83   76   71   67   64   61   59   58   58   58   59   60   64   67   72   78   85   93  103  111  118  126
  147  143  140  135  130  124  117  109  101   93   87   81   76   72   69   67   65   64   64   64   65   66   69   72   77   83   89   97  106  114  121  128
  148  144  141  137  132  127  119  112  105   98   92   86   81   77   75   73   71   70   70   70   71   72   75   77   82   87   94  101  109  117  123  130
  149  145  143  139  135  129  123  116  109  103   97   92   87   84   81   80   78   77   77   77   78   79   81   84   88   93   99  106  114  120  126  133
  150  147  145  141  138  133  127  121  115  109  104   99   95   92   90   89   87   86   86   86   87   88   90   92   96  101  106  112  119  125  130  136
  151  149  147  143  140  136  131  126  120  115  111  106  103  100   98   97   95   95   95   95   95   96   98  100  103  108  112  117  124  129  134  139
  152  151  149  146  143  140  135  131  127  122  118  114  112  109  107  107  105  105  105  105  105  106  107  109  112  116  120  124  129  134  138  142
  153  152  151  148  146  143  139  136  132  128  125  121  119  117  115  115  113  113  113  113  113  114  115  117  119  122  126  129  134  138  142  145
  154  154  152  150  148  146  142  140  137  133  130  127  126  124  122  122  121  121  121  121  121  122  122  124  126  129  132  134  138  142  145  147
  155  155  154  152  151  148  146  144  141  139  136  134  132  131  130  130  129  128  128  128  129  130  130  131  133  135  137  139  143  146  148  150
  156  156  155  154  153  150  148  147  145  143  140  138  137  136  135  135  134  134  134  134  134  135  135  136  137  139  141  143  146  148  150  152
  157  157  156  155  154  152  150  149  148  146  144  142  141  140  139  139  138  138  138  138  138  139  139  140  141  143  145  146  148  150  152  153
  157  157  156  156  155  153  151  151  149  147  145  144  143  142  141  141  140  140  140  140  140  141  141  142  143  145  146  147  150  151  153  154
  157  157  157  156  155  153  152  151  150  148  146  145  144  143  142  143  142  142  142  142  142  143  142  143  144  146  147  148  150  152  154  154
  157  158  157  156  155  154  152  152  150  148  147  145  144  144  143  143  142  142  142  142  142  143  143  144  144  146  148  148  151  152  154  154
  157  157  157  156  155  153  152  151  150  148  146  145  144  143  142  143  142  142  142  142  142  143  142  143  144  146  147  148  150  152  154  154

 Columns 65 through 96:

  156  155  154  152  149  147  144  142  139  137  136  134  132  131  129  129  127  127  126  126  127  127  129  132  135  138  142  146  148  152  154  156
  156  155  154  152  150  147  145  142  139  138  136  134  133  132  130  129  127  127  126  126  127  128  130  132  136  138  143  146  149  152  154  156
  156  155  154  152  150  147  144  142  139  138  136  134  132  132  130  129  127  127  126  126  127  128  129  132  136  138  143  146  149  152  154  156
  156  155  153  151  149  146  144  141  138  137  135  133  131  130  128  128  126  126  125  125  125  126  128  131  134  137  142  145  148  152  153  155
  155  154  152  150  148  145  142  139  136  135  133  131  129  128  126  125  123  123  122  122  123  124  126  129  132  135  140  144  147  151  152  154
  154  153  151  149  145  142  139  136  133  131  128  126  124  123  121  120  118  118  117  117  118  119  121  124  129  132  137  141  144  148  151  153
  152  151  148  146  142  139  135  131  128  125  123  120  118  117  115  113  111  111  110  110  112  113  115  119  123  127  133  137  141  146  148  150
  151  149  146  143  138  134  130  126  122  118  115  113  110  109  106  105  103  103  102  102  103  105  107  111  117  121  127  133  137  142  145  148
  148  145  142  138  133  128  123  118  113  109  106  102  100   98   95   93   91   91   90   90   92   94   97  101  108  113  120  126  131  137  141  144
  146  142  138  134  128  122  116  110  105  100   96   92   90   87   84   83   80   80   79   80   81   83   87   92   99  105  113  120  126  133  137  140
  143  139  134  129  122  115  108  102   96   90   85   81   78   75   72   70   67   67   66   67   68   71   75   81   89   96  105  113  120  127  132  136
  140  136  130  125  117  110  102   95   88   81   76   71   68   65   62   59   57   56   56   56   58   61   65   72   81   89   98  107  114  123  128  132
  138  133  127  121  112  105   96   88   81   73   68   63   59   56   52   50   47   46   46   47   49   52   56   63   73   82   92  102  110  119  125  129
  136  131  124  117  108  100   90   82   74   66   60   55   51   47   43   40   38   37   37   37   39   43   48   55   66   75   86   97  105  115  121  126
  135  129  122  115  106   97   87   78   70   61   55   50   46   42   38   35   32   31   31   32   34   38   43   51   61   71   83   94  103  112  119  124
  134  128  121  114  104   95   85   76   68   59   53   47   43   39   35   31   28   27   27   28   30   35   40   48   59   69   81   92  101  111  118  123
  134  128  121  114  104   95   85   75   67   58   52   46   42   38   34   31   28   27   27   28   30   34   39   47   58   68   81   92  101  111  118  123
  135  129  122  115  105   95   85   76   68   59   53   47   43   39   35   32   29   28   27   29   30   34   40   48   59   69   81   92  101  112  119  124
  136  130  123  116  106   97   87   78   70   62   55   50   45   41   37   34   31   30   30   31   33   37   42   50   61   71   83   94  103  113  120  125
  137  131  124  118  108   99   90   81   73   65   59   53   49   45   41   38   35   34   33   35   36   40   45   53   63   73   85   96  105  115  121  126
  138  133  126  120  111  102   93   85   77   69   63   58   53   50   46   43   40   39   38   40   41   45   50   57   67   77   89   99  108  117  124  128
  140  135  128  122  113  105   97   88   81   73   68   63   58   55   51   48   45   44   44   45   46   50   54   62   71   81   92  102  110  120  126  130
  141  136  130  124  116  108  100   92   85   78   72   68   63   60   56   53   51   50   49   50   51   55   59   66   75   85   96  105  113  122  128  132
  143  138  133  127  119  112  104   96   90   83   78   74   69   66   63   60   57   56   55   57   58   61   65   72   81   89  100  109  116  125  130  135
  144  140  134  129  122  115  107  100   94   88   83   78   74   71   68   65   63   62   61   62   63   66   70   77   85   93  103  112  119  127  132  136
  145  141  136  131  125  118  111  104   98   93   88   84   80   77   74   71   69   68   67   68   69   72   76   82   90   97  107  115  122  130  134  138
  146  142  138  133  127  121  114  108  103   97   93   89   85   83   80   77   75   74   73   74   75   78   82   87   94  102  111  118  124  132  136  140
  147  144  140  136  130  124  118  112  107  102   98   95   91   89   86   84   82   81   80   81   82   85   88   93  100  106  115  121  127  134  138  142
  149  146  142  138  133  128  123  118  113  109  105  102   99   97   95   92   91   90   89   90   91   93   96  100  106  112  120  126  131  137  141  144
  150  147  144  141  136  132  127  123  118  115  111  109  106  104  102  100   99   98   97   98   98  100  103  107  112  118  124  130  135  140  143  146
  151  149  146  143  140  136  132  128  125  122  119  116  114  113  111  109  108  107  107  107  107  109  112  115  119  124  130  134  138  143  146  148
  152  150  148  146  143  140  136  133  130  127  125  123  121  120  118  116  116  115  114  115  115  117  119  121  125  129  134  138  142  146  148  150
  153  152  150  148  145  143  140  138  135  132  131  129  127  127  125  124  123  122  122  122  122  124  125  128  131  134  138  142  145  148  150  152
  154  153  151  150  148  147  144  142  140  138  137  135  134  134  132  131  131  130  130  130  130  131  132  134  137  140  143  145  148  151  152  154
  155  154  153  152  150  149  147  146  143  142  141  140  139  139  138  136  136  135  135  135  135  136  138  139  141  143  146  148  150  152  154  155
  156  155  154  153  152  151  150  149  147  146  145  144  143  143  142  141  142  141  141  141  141  141  142  143  145  147  149  150  152  154  155  156
  156  156  155  154  154  153  151  151  149  149  148  147  146  147  146  145  145  144  144  144  144  145  146  146  148  149  151  152  154  155  156  157
  157  156  155  155  155  154  153  152  151  151  150  149  149  149  148  148  148  147  147  147  147  148  148  149  150  151  152  153  155  156  157  157
  157  156  156  156  155  155  154  154  153  153  152  152  151  151  151  150  150  150  150  150  150  150  151  151  152  153  154  155  156  157  157  157
  157  157  156  156  156  156  155  155  154  154  153  153  153  153  152  152  152  152  152  152  152  152  152  153  153  154  155  155  156  157  157  158
  157  157  157  157  156  156  156  156  155  155  155  154  154  154  154  154  154  153  153  153  153  153  154  154  154  155  155  156  157  157  157  158
  157  157  157  157  157  157  156  156  156  155  155  155  155  155  155  155  155  154  154  154  154  155  155  155  155  156  156  156  157  157  157  158
  157  157  157  157  157  157  157  156  156  156  156  156  156  156  156  155  155  155  155  155  155  155  155  156  156  156  156  157  157  157  157  158
  157  157  157  157  157  157  157  157  157  157  157  156  156  156  156  156  156  156  156  156  156  156  156  156  157  157  157  157  157  157  157  157
  157  157  157  157  157  157  157  157  157  157  157  157  157  157  157  157  157  157  157  157  157  157  157  157  157  157  157  157  157  157  157  157
  158  158  158  158  158  158  158  158  158  158  158  158  158  158  158  158  158  158  158  158  158  158  158  158  158  158  158  158  158  158  158  158
  158  158  158  158  158  158  158  158  158  158  158  158  158  158  158  158  158  158  158  158  158  158  158  158  158  158  158  158  158  158  158  158
  158  158  158  158  158  158  158  158  158  158  158  158  158  158  158  158  158  158  158  158  158  158  158  158  158  158  158  158  158  158  158  158
  158  158  158  158  158  158  158  158  158  158  158  158  158  158  158  158  158  158  158  158  158  158  158  158  158  158  158  158  158  158  158  158
  158  158  158  158  158  158  158  158  158  158  158  158  158  158  158  158  158  158  158  158  158  158  158  158  158  158  158  158  158  158  158  158
  158  158  158  158  158  158  158  158  158  158  158  158  158  158  158  158  158  158  158  158  158  158  158  158  158  158  158  158  158  158  158  158
  158  158  158  158  158  158  158  158  158  158  158  158  158  158  158  158  158  158  158  158  158  158  158  158  158  158  158  158  158  158  158  158
  158  158  158  158  158  158  158  158  158  158  158  158  158  158  158  158  158  158  158  158  158  158  158  158  158  158  158  158  158  158  158  158
  158  158  158  158  158  158  158  158  158  158  158  158  158  158  158  158  158  158  158  158  158  158  158  158  158  158  158  158  158  158  158  158
  158  158  158  158  158  158  158  158  158  158  158  158  158  158  158  158  158  158  158  158  158  158  158  158  158  158  158  158  158  158  158  158
  157  157  157  157  157  158  158  158  158  157  157  158  158  158  158  158  158  158  158  158  158  158  158  158  158  158  158  158  158  158  158  158
  157  157  157  158  158  158  158  158  158  157  157  158  158  158  158  158  158  158  158  158  158  158  158  158  158  158  158  158  158  158  158  158
  157  157  158  158  158  158  158  158  158  157  157  158  158  158  158  158  158  158  158  158  158  158  158  158  158  158  158  158  158  158  158  158
  157  158  158  158  158  158  158  158  158  157  157  158  158  158  158  158  158  158  158  158  158  158  158  158  158  158  158  158  158  158  158  158
  157  158  158  158  158  158  158  158  158  157  157  158  158  158  158  158  158  158  158  158  158  158  158  158  158  158  158  158  158  158  158  158
  157  157  158  158  158  158  158  158  158  157  157  158  158  158  158  158  158  158  158  158  158  158  158  158  158  158  158  158  158  158  158  158
  156  157  158  158  158  158  158  158  158  157  157  158  158  158  158  158  158  158  158  158  158  158  158  158  158  158  158  158  158  158  158  158
  156  157  157  158  158  158  158  158  158  157  157  158  158  158  158  158  158  158  158  158  158  158  158  158  158  158  158  158  158  158  158  158
  155  156  157  158  157  158  158  158  158  157  157  158  158  158  158  158  158  158  158  158  158  158  158  158  158  158  158  158  158  158  158  158
  153  155  156  157  157  158  158  158  158  157  157  158  158  158  158  158  158  158  158  158  158  158  158  158  158  158  158  158  158  158  158  158
  152  154  155  156  156  157  157  157  157  156  156  158  158  158  158  158  158  158  158  158  158  158  158  158  158  158  158  158  158  158  158  158
  149  152  153  155  155  156  157  157  157  156  156  158  158  158  158  158  158  158  158  158  158  158  158  158  158  158  158  158  158  158  158  158
  147  150  152  153  154  155  156  156  157  156  156  158  158  158  158  158  158  158  158  158  158  158  158  158  158  158  158  158  158  158  158  158
  143  147  149  151  152  154  155  155  156  156  156  158  158  158  158  158  158  158  158  158  158  158  158  158  158  158  158  158  158  158  158  158
  140  144  147  149  151  152  154  154  155  156  156  158  158  158  158  158  158  158  158  158  158  158  158  158  158  158  158  158  158  158  158  158
  136  140  144  147  149  151  152  153  155  155  156  158  158  158  158  158  158  158  158  158  158  158  158  158  158  158  158  158  158  158  158  158
  133  138  142  145  147  149  151  153  154  155  156  158  158  158  158  158  158  158  158  158  158  158  158  158  158  158  158  158  158  158  158  158
  130  135  139  143  146  148  150  152  153  155  156  158  158  158  158  158  158  158  158  158  158  158  158  158  158  158  158  158  158  158  158  158
  127  133  137  141  145  147  149  151  153  155  156  158  158  158  158  158  158  158  158  158  158  158  158  158  158  158  158  158  158  158  158  158
  125  131  136  140  144  146  149  151  153  155  156  158  158  158  158  158  158  158  158  158  158  158  158  158  158  158  158  158  158  158  158  158
  124  130  135  139  143  145  148  150  152  154  157  158  158  158  158  158  158  158  158  158  158  158  158  158  158  158  158  158  158  158  158  158
  124  130  135  139  143  145  148  150  152  154  157  158  158  158  158  158  158  158  158  158  158  158  158  158  158  158  158  158  158  158  158  158
  124  130  135  139  143  145  148  150  152  155  157  158  158  158  158  158  158  158  158  158  158  158  158  158  158  158  158  158  158  158  158  158
  124  131  135  139  143  146  149  150  153  155  157  158  158  158  158  158  158  158  158  158  158  158  158  158  158  158  158  158  158  158  158  158
  125  131  136  140  144  146  149  151  153  155  157  158  158  158  158  158  158  158  158  158  158  158  158  158  158  158  158  158  158  158  158  158
  126  132  137  141  144  147  149  151  153  155  157  158  158  158  158  158  158  158  158  158  158  158  158  158  158  158  158  158  158  158  158  158
  127  134  138  141  145  147  150  151  153  155  157  158  158  158  158  158  158  158  158  158  158  158  158  158  158  158  158  158  158  158  158  158
  128  135  139  142  146  148  150  152  154  155  157  158  158  158  158  158  158  158  158  158  158  158  158  158  158  158  158  158  158  158  158  158
  130  136  140  143  146  148  151  152  154  155  157  158  158  158  158  158  158  158  158  158  158  158  158  158  158  158  158  158  158  158  158  158
  132  138  141  144  147  149  151  152  154  155  157  158  158  158  158  158  158  158  158  158  158  158  158  158  158  158  158  158  158  158  158  158
  133  139  142  145  148  150  152  153  155  156  157  158  158  158  158  158  158  158  158  158  158  158  158  158  158  158  158  158  158  158  158  158
  135  141  143  146  149  150  152  153  155  156  157  158  158  158  158  158  158  158  158  158  158  158  158  158  158  158  158  158  158  158  158  158
  137  142  145  147  149  151  153  154  155  156  157  158  158  158  158  158  158  158  158  158  158  158  158  158  158  158  158  158  158  158  158  158
  140  144  147  149  151  152  154  154  156  156  157  158  158  158  158  158  158  158  158  158  158  158  158  158  158  158  158  158  158  158  158  158
  142  146  148  150  152  153  154  155  156  156  157  158  158  158  158  158  158  158  158  158  158  158  158  158  158  158  158  158  158  158  158  158
  145  148  150  151  153  154  155  155  156  156  157  158  158  158  158  158  158  158  158  158  158  158  158  158  158  158  158  158  158  158  158  158
  148  150  152  153  154  155  156  156  157  156  157  158  158  158  158  158  158  158  158  158  158  158  158  158  158  158  158  158  158  158  158  158
  150  152  153  154  155  156  156  156  157  156  157  158  158  158  158  158  158  158  158  158  158  158  158  158  158  158  158  158  158  158  158  158
  152  154  155  155  156  157  157  157  157  156  157  158  158  158  158  158  158  158  158  158  158  158  158  158  158  158  158  158  158  158  158  158
  154  155  156  156  156  157  157  157  157  156  157  158  158  158  158  158  158  158  158  158  158  158  158  158  158  158  158  158  158  158  158  158
  155  156  157  157  157  158  158  158  158  157  157  158  158  158  158  158  158  158  158  158  158  158  158  158  158  158  158  158  158  158  158  158
  156  156  157  157  157  158  158  158  158  157  157  158  158  158  158  158  158  158  158  158  158  158  158  158  158  158  158  158  158  158  158  158
  156  157  158  157  157  158  158  158  158  157  157  158  158  158  158  158  158  158  158  158  158  158  158  158  158  158  158  158  158  158  158  158
  156  157  158  157  157  158  158  158  158  157  157  158  158  158  158  158  158  158  158  158  158  158  158  158  158  158  158  158  158  158  158  158
  156  157  158  157  157  158  158  158  158  157  157  158  158  158  158  158  158  158  158  158  158  158  158  158  158  158  158  158  158  158  158  158

 Columns 97 through 100:

  156  157  157  157
  157  157  157  157
  157  157  157  157
  156  157  157  157
  155  156  156  156
  154  155  155  155
  152  153  153  153
  149  150  150  150
  145  147  147  147
  142  143  143  143
  138  140  140  140
  135  136  136  136
  132  134  134  134
  129  131  131  131
  127  129  129  129
  126  128  128  128
  126  128  128  128
  127  129  129  129
  128  130  130  130
  129  131  131  131
  131  133  133  133
  133  134  135  134
  135  136  137  136
  137  138  139  138
  139  140  141  140
  140  141  142  141
  142  143  144  143
  143  144  145  144
  145  146  147  146
  147  148  149  148
  149  150  151  150
  151  152  152  152
  152  153  153  153
  154  155  155  155
  155  156  156  156
  156  157  157  157
  157  157  157  157
  157  158  158  158
  157  158  158  158
  157  158  158  158
  158  158  158  158
  158  158  158  158
  157  158  158  158
  157  158  158  158
  157  157  157  157
  158  158  158  158
  158  158  158  158
  158  158  158  158
  158  158  158  158
  158  158  158  158
  158  158  158  158
  158  158  158  158
  158  158  158  158
  158  158  158  158
  158  158  158  158
  158  158  158  158
  158  158  158  158
  158  158  158  158
  158  158  158  158
  158  158  158  158
  158  158  158  158
  158  158  158  158
  158  158  158  158
  158  158  158  158
  158  158  158  158
  158  158  158  158
  158  158  158  158
  158  158  158  158
  158  158  158  158
  158  158  158  158
  158  158  158  158
  158  158  158  158
  158  158  158  158
  158  158  158  158
  158  158  158  158
  158  158  158  158
  158  158  158  158
  158  158  158  158
  158  158  158  158
  158  158  158  158
  158  158  158  158
  158  158  158  158
  158  158  158  158
  158  158  158  158
  158  158  158  158
  158  158  158  158
  158  158  158  158
  158  158  158  158
  158  158  158  158
  158  158  158  158
  158  158  158  158
  158  158  158  158
  158  158  158  158
  158  158  158  158
  158  158  158  158
  158  158  158  158
  158  158  158  158
  158  158  158  158
  158  158  158  158
  158  158  158  158

>> size(dots3)
ans =

   100   100

>> min(dots3)
ans =

 Columns 1 through 32:

  111  112  112  110  107  102   94   84   69   56   41   28   17    8    2    0    2    7   16   23   34   44   55   66   75   84   91   98  107  114  122  128

 Columns 33 through 64:

  134  137  133  127  120  112  102   93   82   72   64   55   50   45   41   38   36   34   34   34   36   37   41   46   51   58   67   77   88   97  106  117

 Columns 65 through 96:

  124  128  121  114  104   95   85   75   67   58   52   46   42   38   34   31   28   27   27   28   30   34   39   47   58   68   81   92  101  111  118  123

 Columns 97 through 100:

  126  128  128  128

>> max(dots3)
ans =

 Columns 1 through 32:

  158  158  158  158  158  158  158  158  158  158  158  158  158  158  158  158  158  158  158  158  158  158  158  158  158  158  158  158  158  158  158  158

 Columns 33 through 64:

  158  158  158  158  158  158  158  158  158  158  158  158  158  158  158  158  158  158  158  158  158  158  158  158  158  158  158  158  158  158  158  158

 Columns 65 through 96:

  158  158  158  158  158  158  158  158  158  158  158  158  158  158  158  158  158  158  158  158  158  158  158  158  158  158  158  158  158  158  158  158

 Columns 97 through 100:

  158  158  158  158

>> dots_bw = imread('dots.png');
>> size(dots_bw)
ans =

   5   5

>> dots
dots =

  0  1  0  1  0
  1  1  1  1  1
  1  0  1  0  1
  1  1  1  1  1
  0  1  0  1  0

>> diary off
