90.39198607966112 
48.88287389767647 
178.43067136890068 
137.22499604457587 
99.40159949294932 
39.903993083151484 
88.23536072150948 
111.97236870332354 
100.808941994621 
84.97761225202487 
146.42804355391564 
102.14241990061026 
152.92667080838473 
16.20935593766432 
0.13126578664620914 
16.71397021551403 
8.899507058991459 
2.5130332918015763 
10.680848157316525 
180.55220384439957 
133.80863175048722 
73.83618913756358 
144.4669006719188 
194.9307609824826 
176.28509873983333 
12.396265582261414 
177.4354548229892 
32.6734889135781 
37.346102705873605 
166.06977295305083 
108.91878412353557 
47.298479292841186 
137.38619378735643 
68.04320363427455 
198.92097358933103 
94.14460381271132 
143.49043756444001 
101.90366727265608 
61.01300161800831 
175.0555100166322 
156.4415040578073 
138.6564844509553 
154.6056753354556 
159.0976259006465 
39.84595818670506 
171.02256745733993 
8.806533784716946 
24.882243651640863 
168.94305338741356 
91.33670093937104 
152.14705724385098 
167.52070526698512 
150.56001451495976 
114.6765424424098 
90.1978043393228 
69.34567606559304 
97.49666581864896 
105.07957920038325 
106.60791452535055 
20.29100272692786 
179.42391359970622 
15.216314616184844 
165.26580713411425 
166.14627083291614 
33.50372600486184 
145.0786995000876 
33.0202433720944 
100.52701370561262 
2.8274933014234627 
155.684293452835 
66.0050296442796 
195.73131647002063 
82.49401773141165 
189.8802874211451 
29.97849969737483 
155.48755892059225 
50.581572960252394 
20.359111787809084 
197.7801290219567 
53.90301547602551 
44.41683724014388 
98.33535781398308 
166.4467305186137 
55.361417875811895 
176.80368826806222 
158.87018103707223 
173.30137300964833 
116.65764517737033 
91.88253377260752 
189.77788063048214 
149.34177216218723 
179.06190989074653 
69.29975713496783 
187.4700896217517 
19.68394188770451 
137.35952781042624 
45.66897753512369 
127.24722859223876 
83.22726932969826 
149.5115486029058 
79.65569825391667 
189.97090060363826 
181.60987520354635 
29.598809749953908 
103.25647386914078 
3.5181034164556104 
5.90137268624183 
65.4161583919214 
65.61935604400308 
54.87033295071685 
60.229084557233385 
81.70429023895416 
6.388019671365965 
27.615164697671936 
149.36481677425147 
49.11198923598216 
12.107640709278765 
93.7636498697947 
47.20006117873908 
106.30245070919065 
143.24098718904241 
200.9076877925234 
106.49637566216654 
25.414497308873983 
1.0188581796165714 
177.5708719501884 
180.99094370355314 
102.46655883116195 
58.782241411235546 
71.66256967615571 
79.030362393752 
43.3926547852176 
144.06183102250773 
102.62550358903285 
30.031741538250536 
92.29235095430084 
15.79127927168636 
147.20463212396712 
13.730970484815824 
188.99248197470763 
154.14732583602648 
99.71932876553487 
38.316922583825274 
11.825482300973274 
122.8658813688971 
0.39646211603045955 
180.2019742964509 
158.21106284386562 
75.53596275062918 
120.95230011198113 
109.25381137314407 
3.4330186640515175 
82.16468396115891 
195.0644178115306 
169.74694131288953 
197.04737653925991 
60.348076381199625 
162.28827113945314 
182.64969204071997 
111.37667548341724 
5.169765722027557 
178.45918680527154 
155.05527145335824 
144.24761768004961 
51.00622178281128 
14.6750195142609 
112.63347144861982 
191.4818529124658 
21.94602302864412 
191.01387821005613 
170.5886566343436 
39.79214101453407 
195.5068562441998 
45.62874545572487 
146.3507764350864 
122.19260717980505 
141.89536821047164 
184.7615773602102 
141.78595106808362 
47.23251646062891 
192.56158705507482 
194.67309094859726 
29.813395818680085 
144.53432093058586 
42.55488558753195 
132.6761786003157 
185.75332079862287 
12.91128970779002 
101.77639634615183 
186.25990461956633 
125.10331395400772 
127.38435311388403 
96.03889649534524 
142.91422226826685 
8.778408394558866 
99.46028756358685 
189.04500320901616 
13.056092635020267 
113.36750920866615 
76.74514047950639 
167.66488491173683 
120.2257699515811 
131.30464832463014 
23.59371158137293 
75.44783186979238 
60.41089226379388 
188.58231573484872 
14.377403404663427 
35.07723750566692 
190.40924802547386 
52.346217321307456 
136.91897919740694 
115.76917373623256 
137.5854312534084 
123.84804791955564 
109.98300206096191 
179.33991780132052 
37.92232254864912 
157.1562062348065 
109.23135625190022 
172.66774006065995 
139.7718816025165 
35.7202907802224 
146.5508906171178 
1.4127542212110349 
17.36769906678736 
156.15178577041917 
154.4541546842112 
99.81673019205185 
94.83098587024593 
52.62907405344445 
16.829023935851286 
21.33066684449587 
46.07871465366453 
91.23443526569791 
194.79667053466756 
78.16244401552439 
189.83107994821663 
117.37765377982221 
113.27642242130793 
170.2574324947601 
196.53283139691823 
1.3408070221685051 
152.97855781874873 
25.755890703096238 
167.8640870350067 
55.835482038777116 
108.90603538978614 
51.55950428360339 
9.510051120528152 
65.10786168687356 
60.86514607008295 
106.07405102380682 
188.19439878112632 
133.33667325725548 
1.7273577641255964 
37.39008246019681 
164.5582101078482 
159.39425535571104 
72.72973486311663 
112.88502305035756 
162.17740298296292 
86.52773248697122 
26.10152759125444 
84.57753598700151 
15.6032520806877 
117.90910583415138 
119.17722065505578 
43.79237340586755 
126.51396843727278 
172.22340848987136 
99.54836449937197 
18.34256584305956 
39.58829194684418 
154.82520395039182 
59.78060363460759 
41.47029385278913 
162.11781748358015 
133.46236358861643 
42.343070699925086 
115.97084855333034 
154.64525307275244 
103.42995346025519 
55.437087238142865 
106.16658576551278 
57.14897092237808 
187.8274692737202 
164.40767517209372 
34.51716025580024 
142.5746982338419 
52.16058995378045 
82.18199602227969 
10.973455833763413 
58.23188758028292 
151.49853926495322 
0.756964042451783 
138.73126592571802 
5.491572757144587 
60.63604479069493 
56.82014713767996 
75.40942883085087 
83.75976749071349 
120.73526692900741 
28.11157983714159 
3.783372425910101 
9.45964287387152 
121.8368056516859 
28.90588238285077 
38.52885270793219 
200.92168918323205 
155.95530356045361 
165.4115662438567 
8.923899028798887 
98.40214512605232 
148.67676557929394 
44.827998023513494 
4.450796752642097 
42.39029853479982 
11.25490928234468 
196.23220888869463 
181.7769775564421 
171.95321737668579 
167.16940628197162 
177.62054561819318 
66.98590159262534 
172.24711893365608 
26.369429476213273 
173.07760897907602 
152.2303305294409 
125.74711414821775 
47.95048375363452 
190.49779373863734 
179.40660273166702 
169.17833089430076 
59.38032356945282 
146.21439001904227 
2.7569900886863445 
103.11633748136057 
69.38026127121783 
74.02616061977538 
174.5828729051154 
11.644057575480648 
46.61867522085664 
52.60313222283213 
14.465746792287163 
186.12181160576694 
100.39304767503756 
84.35254781846334 
71.04005182175715 
110.22776652222322 
177.2145530200865 
116.12644114966251 
182.63793548090038 
107.34610704853738 
6.550059801245773 
105.07756666830436 
26.510727438358675 
131.20803037936793 
42.11313621038199 
58.643427336119345 
125.99350842918905 
38.09087650591367 
41.976745333166306 
159.7507127079793 
30.902126808018213 
112.1022040205721 
188.97048229021374 
138.42446441537524 
1.750104661445615 
58.480004225098156 
117.23663458840394 
6.147256670423205 
82.70944094177058 
118.72657725148254 
169.45523859117708 
82.26124859602596 
19.96977449131617 
112.82924927996248 
21.315104700048895 
156.88701115240528 
67.83522291312669 
193.21889303456896 
148.45771876279633 
64.69972498241746 
23.140462390911097 
143.3143847889824 
175.72531539297418 
21.291146597631567 
40.79000564798738 
54.03225496828368 
13.855849743391873 
140.7555458756788 
149.9932348942297 
161.16388703401526 
86.53749546553153 
0.8794648949199618 
192.86560249531513 
102.0293053676415 
30.870343289521937 
84.80959093168345 
