90.39198607966112  
90.39198607966112  
90.39198607966112  
90.39198607966112  
90.39198607966112  
90.39198607966112  
90.39198607966112  
90.39198607966112  
90.39198607966112  
90.39198607966112  
90.39198607966112  
90.39198607966112  
90.39198607966112  
90.39198607966112  
90.39198607966112  
90.39198607966112  
90.39198607966112  
90.39198607966112  
90.39198607966112  
90.39198607966112  
90.39198607966112  
90.39198607966112  
90.39198607966112  
90.39198607966112  
90.39198607966112  
90.39198607966112  
90.39198607966112  
90.39198607966112  
90.39198607966112  
90.39198607966112  
90.39198607966112  
90.39198607966112  
90.39198607966112  
90.39198607966112  
90.39198607966112  
90.39198607966112  
90.39198607966112  
90.39198607966112  
90.39198607966112  
90.39198607966112  
90.39198607966112  
90.39198607966112  
90.39198607966112  
90.39198607966112  
90.39198607966112  
90.39198607966112  
90.39198607966112  
90.39198607966112  
90.39198607966112  
90.39198607966112  
152.14705724385098  
152.14705724385098  
152.14705724385098  
152.14705724385098  
152.14705724385098  
152.14705724385098  
152.14705724385098  
152.14705724385098  
152.14705724385098  
152.14705724385098  
152.14705724385098  
152.14705724385098  
152.14705724385098  
152.14705724385098  
152.14705724385098  
152.14705724385098  
152.14705724385098  
152.14705724385098  
152.14705724385098  
152.14705724385098  
152.14705724385098  
152.14705724385098  
152.14705724385098  
152.14705724385098  
152.14705724385098  
152.14705724385098  
152.14705724385098  
152.14705724385098  
152.14705724385098  
152.14705724385098  
152.14705724385098  
152.14705724385098  
152.14705724385098  
152.14705724385098  
152.14705724385098  
152.14705724385098  
152.14705724385098  
152.14705724385098  
152.14705724385098  
152.14705724385098  
152.14705724385098  
152.14705724385098  
152.14705724385098  
152.14705724385098  
152.14705724385098  
152.14705724385098  
152.14705724385098  
152.14705724385098  
152.14705724385098  
152.14705724385098  
79.65569825391667  
79.65569825391667  
79.65569825391667  
79.65569825391667  
79.65569825391667  
79.65569825391667  
79.65569825391667  
79.65569825391667  
79.65569825391667  
79.65569825391667  
79.65569825391667  
79.65569825391667  
79.65569825391667  
79.65569825391667  
79.65569825391667  
79.65569825391667  
79.65569825391667  
79.65569825391667  
79.65569825391667  
79.65569825391667  
79.65569825391667  
79.65569825391667  
79.65569825391667  
79.65569825391667  
79.65569825391667  
79.65569825391667  
79.65569825391667  
79.65569825391667  
79.65569825391667  
79.65569825391667  
79.65569825391667  
79.65569825391667  
79.65569825391667  
79.65569825391667  
79.65569825391667  
79.65569825391667  
79.65569825391667  
79.65569825391667  
79.65569825391667  
79.65569825391667  
79.65569825391667  
79.65569825391667  
79.65569825391667  
79.65569825391667  
79.65569825391667  
79.65569825391667  
79.65569825391667  
79.65569825391667  
79.65569825391667  
79.65569825391667  
109.25381137314407  
109.25381137314407  
109.25381137314407  
109.25381137314407  
109.25381137314407  
109.25381137314407  
109.25381137314407  
109.25381137314407  
109.25381137314407  
109.25381137314407  
109.25381137314407  
109.25381137314407  
109.25381137314407  
109.25381137314407  
109.25381137314407  
109.25381137314407  
109.25381137314407  
109.25381137314407  
109.25381137314407  
109.25381137314407  
109.25381137314407  
109.25381137314407  
109.25381137314407  
109.25381137314407  
109.25381137314407  
109.25381137314407  
109.25381137314407  
109.25381137314407  
109.25381137314407  
109.25381137314407  
109.25381137314407  
109.25381137314407  
109.25381137314407  
109.25381137314407  
109.25381137314407  
109.25381137314407  
109.25381137314407  
109.25381137314407  
109.25381137314407  
109.25381137314407  
109.25381137314407  
109.25381137314407  
109.25381137314407  
109.25381137314407  
109.25381137314407  
109.25381137314407  
109.25381137314407  
109.25381137314407  
109.25381137314407  
109.25381137314407  
167.66488491173683  
167.66488491173683  
167.66488491173683  
167.66488491173683  
167.66488491173683  
167.66488491173683  
167.66488491173683  
167.66488491173683  
167.66488491173683  
167.66488491173683  
167.66488491173683  
167.66488491173683  
167.66488491173683  
167.66488491173683  
167.66488491173683  
167.66488491173683  
167.66488491173683  
167.66488491173683  
167.66488491173683  
167.66488491173683  
167.66488491173683  
167.66488491173683  
167.66488491173683  
167.66488491173683  
167.66488491173683  
167.66488491173683  
167.66488491173683  
167.66488491173683  
167.66488491173683  
167.66488491173683  
167.66488491173683  
167.66488491173683  
167.66488491173683  
167.66488491173683  
167.66488491173683  
167.66488491173683  
167.66488491173683  
167.66488491173683  
167.66488491173683  
167.66488491173683  
167.66488491173683  
167.66488491173683  
167.66488491173683  
167.66488491173683  
167.66488491173683  
167.66488491173683  
167.66488491173683  
167.66488491173683  
167.66488491173683  
167.66488491173683  
65.10786168687356  
65.10786168687356  
65.10786168687356  
65.10786168687356  
65.10786168687356  
65.10786168687356  
65.10786168687356  
65.10786168687356  
65.10786168687356  
65.10786168687356  
65.10786168687356  
65.10786168687356  
65.10786168687356  
65.10786168687356  
65.10786168687356  
65.10786168687356  
65.10786168687356  
65.10786168687356  
65.10786168687356  
65.10786168687356  
65.10786168687356  
65.10786168687356  
65.10786168687356  
65.10786168687356  
65.10786168687356  
65.10786168687356  
65.10786168687356  
65.10786168687356  
65.10786168687356  
65.10786168687356  
65.10786168687356  
65.10786168687356  
65.10786168687356  
65.10786168687356  
65.10786168687356  
65.10786168687356  
65.10786168687356  
65.10786168687356  
65.10786168687356  
65.10786168687356  
65.10786168687356  
65.10786168687356  
65.10786168687356  
65.10786168687356  
65.10786168687356  
65.10786168687356  
65.10786168687356  
65.10786168687356  
65.10786168687356  
65.10786168687356  
75.40942883085087  
75.40942883085087  
75.40942883085087  
75.40942883085087  
75.40942883085087  
75.40942883085087  
75.40942883085087  
75.40942883085087  
75.40942883085087  
75.40942883085087  
75.40942883085087  
75.40942883085087  
75.40942883085087  
75.40942883085087  
75.40942883085087  
75.40942883085087  
75.40942883085087  
75.40942883085087  
75.40942883085087  
75.40942883085087  
75.40942883085087  
75.40942883085087  
75.40942883085087  
75.40942883085087  
75.40942883085087  
75.40942883085087  
75.40942883085087  
75.40942883085087  
75.40942883085087  
75.40942883085087  
75.40942883085087  
75.40942883085087  
75.40942883085087  
75.40942883085087  
75.40942883085087  
75.40942883085087  
75.40942883085087  
75.40942883085087  
75.40942883085087  
75.40942883085087  
75.40942883085087  
75.40942883085087  
75.40942883085087  
75.40942883085087  
75.40942883085087  
75.40942883085087  
75.40942883085087  
75.40942883085087  
75.40942883085087  
75.40942883085087  
177.2145530200865  
177.2145530200865  
177.2145530200865  
177.2145530200865  
177.2145530200865  
177.2145530200865  
177.2145530200865  
177.2145530200865  
177.2145530200865  
177.2145530200865  
177.2145530200865  
177.2145530200865  
177.2145530200865  
177.2145530200865  
177.2145530200865  
177.2145530200865  
177.2145530200865  
177.2145530200865  
177.2145530200865  
177.2145530200865  
177.2145530200865  
177.2145530200865  
177.2145530200865  
177.2145530200865  
177.2145530200865  
177.2145530200865  
177.2145530200865  
177.2145530200865  
177.2145530200865  
177.2145530200865  
177.2145530200865  
177.2145530200865  
177.2145530200865  
177.2145530200865  
177.2145530200865  
177.2145530200865  
177.2145530200865  
177.2145530200865  
177.2145530200865  
177.2145530200865  
177.2145530200865  
177.2145530200865  
177.2145530200865  
177.2145530200865  
177.2145530200865  
177.2145530200865  
177.2145530200865  
177.2145530200865  
177.2145530200865  
177.2145530200865  
