90.39198607966112  
90.39198607966112  
90.39198607966112  
90.39198607966112  
90.39198607966112  
90.39198607966112  
90.39198607966112  
90.39198607966112  
90.39198607966112  
90.39198607966112  
146.42804355391564  
146.42804355391564  
146.42804355391564  
146.42804355391564  
146.42804355391564  
146.42804355391564  
146.42804355391564  
146.42804355391564  
146.42804355391564  
146.42804355391564  
133.80863175048722  
133.80863175048722  
133.80863175048722  
133.80863175048722  
133.80863175048722  
133.80863175048722  
133.80863175048722  
133.80863175048722  
133.80863175048722  
133.80863175048722  
108.91878412353557  
108.91878412353557  
108.91878412353557  
108.91878412353557  
108.91878412353557  
108.91878412353557  
108.91878412353557  
108.91878412353557  
108.91878412353557  
108.91878412353557  
156.4415040578073  
156.4415040578073  
156.4415040578073  
156.4415040578073  
156.4415040578073  
156.4415040578073  
156.4415040578073  
156.4415040578073  
156.4415040578073  
156.4415040578073  
152.14705724385098  
152.14705724385098  
152.14705724385098  
152.14705724385098  
152.14705724385098  
152.14705724385098  
152.14705724385098  
152.14705724385098  
152.14705724385098  
152.14705724385098  
179.42391359970622  
179.42391359970622  
179.42391359970622  
179.42391359970622  
179.42391359970622  
179.42391359970622  
179.42391359970622  
179.42391359970622  
179.42391359970622  
179.42391359970622  
66.0050296442796  
66.0050296442796  
66.0050296442796  
66.0050296442796  
66.0050296442796  
66.0050296442796  
66.0050296442796  
66.0050296442796  
66.0050296442796  
66.0050296442796  
44.41683724014388  
44.41683724014388  
44.41683724014388  
44.41683724014388  
44.41683724014388  
44.41683724014388  
44.41683724014388  
44.41683724014388  
44.41683724014388  
44.41683724014388  
149.34177216218723  
149.34177216218723  
149.34177216218723  
149.34177216218723  
149.34177216218723  
149.34177216218723  
149.34177216218723  
149.34177216218723  
149.34177216218723  
149.34177216218723  
79.65569825391667  
79.65569825391667  
79.65569825391667  
79.65569825391667  
79.65569825391667  
79.65569825391667  
79.65569825391667  
79.65569825391667  
79.65569825391667  
79.65569825391667  
60.229084557233385  
60.229084557233385  
60.229084557233385  
60.229084557233385  
60.229084557233385  
60.229084557233385  
60.229084557233385  
60.229084557233385  
60.229084557233385  
60.229084557233385  
143.24098718904241  
143.24098718904241  
143.24098718904241  
143.24098718904241  
143.24098718904241  
143.24098718904241  
143.24098718904241  
143.24098718904241  
143.24098718904241  
143.24098718904241  
79.030362393752  
79.030362393752  
79.030362393752  
79.030362393752  
79.030362393752  
79.030362393752  
79.030362393752  
79.030362393752  
79.030362393752  
79.030362393752  
154.14732583602648  
154.14732583602648  
154.14732583602648  
154.14732583602648  
154.14732583602648  
154.14732583602648  
154.14732583602648  
154.14732583602648  
154.14732583602648  
154.14732583602648  
109.25381137314407  
109.25381137314407  
109.25381137314407  
109.25381137314407  
109.25381137314407  
109.25381137314407  
109.25381137314407  
109.25381137314407  
109.25381137314407  
109.25381137314407  
5.169765722027557  
5.169765722027557  
5.169765722027557  
5.169765722027557  
5.169765722027557  
5.169765722027557  
5.169765722027557  
5.169765722027557  
5.169765722027557  
5.169765722027557  
170.5886566343436  
170.5886566343436  
170.5886566343436  
170.5886566343436  
170.5886566343436  
170.5886566343436  
170.5886566343436  
170.5886566343436  
170.5886566343436  
170.5886566343436  
192.56158705507482  
192.56158705507482  
192.56158705507482  
192.56158705507482  
192.56158705507482  
192.56158705507482  
192.56158705507482  
192.56158705507482  
192.56158705507482  
192.56158705507482  
125.10331395400772  
125.10331395400772  
125.10331395400772  
125.10331395400772  
125.10331395400772  
125.10331395400772  
125.10331395400772  
125.10331395400772  
125.10331395400772  
125.10331395400772  
167.66488491173683  
167.66488491173683  
167.66488491173683  
167.66488491173683  
167.66488491173683  
167.66488491173683  
167.66488491173683  
167.66488491173683  
167.66488491173683  
167.66488491173683  
52.346217321307456  
52.346217321307456  
52.346217321307456  
52.346217321307456  
52.346217321307456  
52.346217321307456  
52.346217321307456  
52.346217321307456  
52.346217321307456  
52.346217321307456  
172.66774006065995  
172.66774006065995  
172.66774006065995  
172.66774006065995  
172.66774006065995  
172.66774006065995  
172.66774006065995  
172.66774006065995  
172.66774006065995  
172.66774006065995  
52.62907405344445  
52.62907405344445  
52.62907405344445  
52.62907405344445  
52.62907405344445  
52.62907405344445  
52.62907405344445  
52.62907405344445  
52.62907405344445  
52.62907405344445  
170.2574324947601  
170.2574324947601  
170.2574324947601  
170.2574324947601  
170.2574324947601  
170.2574324947601  
170.2574324947601  
170.2574324947601  
170.2574324947601  
170.2574324947601  
65.10786168687356  
65.10786168687356  
65.10786168687356  
65.10786168687356  
65.10786168687356  
65.10786168687356  
65.10786168687356  
65.10786168687356  
65.10786168687356  
65.10786168687356  
112.88502305035756  
112.88502305035756  
112.88502305035756  
112.88502305035756  
112.88502305035756  
112.88502305035756  
112.88502305035756  
112.88502305035756  
112.88502305035756  
112.88502305035756  
172.22340848987136  
172.22340848987136  
172.22340848987136  
172.22340848987136  
172.22340848987136  
172.22340848987136  
172.22340848987136  
172.22340848987136  
172.22340848987136  
172.22340848987136  
115.97084855333034  
115.97084855333034  
115.97084855333034  
115.97084855333034  
115.97084855333034  
115.97084855333034  
115.97084855333034  
115.97084855333034  
115.97084855333034  
115.97084855333034  
52.16058995378045  
52.16058995378045  
52.16058995378045  
52.16058995378045  
52.16058995378045  
52.16058995378045  
52.16058995378045  
52.16058995378045  
52.16058995378045  
52.16058995378045  
75.40942883085087  
75.40942883085087  
75.40942883085087  
75.40942883085087  
75.40942883085087  
75.40942883085087  
75.40942883085087  
75.40942883085087  
75.40942883085087  
75.40942883085087  
155.95530356045361  
155.95530356045361  
155.95530356045361  
155.95530356045361  
155.95530356045361  
155.95530356045361  
155.95530356045361  
155.95530356045361  
155.95530356045361  
155.95530356045361  
181.7769775564421  
181.7769775564421  
181.7769775564421  
181.7769775564421  
181.7769775564421  
181.7769775564421  
181.7769775564421  
181.7769775564421  
181.7769775564421  
181.7769775564421  
47.95048375363452  
47.95048375363452  
47.95048375363452  
47.95048375363452  
47.95048375363452  
47.95048375363452  
47.95048375363452  
47.95048375363452  
47.95048375363452  
47.95048375363452  
174.5828729051154  
174.5828729051154  
174.5828729051154  
174.5828729051154  
174.5828729051154  
174.5828729051154  
174.5828729051154  
174.5828729051154  
174.5828729051154  
174.5828729051154  
177.2145530200865  
177.2145530200865  
177.2145530200865  
177.2145530200865  
177.2145530200865  
177.2145530200865  
177.2145530200865  
177.2145530200865  
177.2145530200865  
177.2145530200865  
125.99350842918905  
125.99350842918905  
125.99350842918905  
125.99350842918905  
125.99350842918905  
125.99350842918905  
125.99350842918905  
125.99350842918905  
125.99350842918905  
125.99350842918905  
117.23663458840394  
117.23663458840394  
117.23663458840394  
117.23663458840394  
117.23663458840394  
117.23663458840394  
117.23663458840394  
117.23663458840394  
117.23663458840394  
117.23663458840394  
67.83522291312669  
67.83522291312669  
67.83522291312669  
67.83522291312669  
67.83522291312669  
67.83522291312669  
67.83522291312669  
67.83522291312669  
67.83522291312669  
67.83522291312669  
13.855849743391873  
13.855849743391873  
13.855849743391873  
13.855849743391873  
13.855849743391873  
13.855849743391873  
13.855849743391873  
13.855849743391873  
13.855849743391873  
13.855849743391873  
