0
0
0
0
0
0
0
0
0
0
8.5
8.5
8.5
8.5
8.5
8.5
8.5
8.5
8.5
8.5
8.5
8.5
8.5
8.5
8.5
8.5
8.5
8.5
8.5
8.5
8.5
8.5
8.5
8.5
8.5
8.5
8.5
8.5
8.5
8.5
8.5
8.5
8.5
8.5
8.5
8.5
8.5
8.5
8.5
8.5
8.5
7.456312688
6.731767878
5.738848727
4.517139787
5.738848727
5.738848727
6.731767878
7.456312688
6.731767878
5.738848727
4.517139787
5.738848727
5.738848727
6.731767878
7.456312688
6.731767878
5.738848727
4.517139787
5.738848727
5.738848727
6.731767878
7.456312688
6.731767878
5.738848727
4.517139787
5.738848727
5.738848727
6.731767878
7.456312688
6.731767878
5.738848727
4.517139787
5.738848727
5.738848727
6.731767878
7.456312688
6.731767878
5.738848727
4.517139787
5.738848727
5.738848727
6.731767878
7.456312688
6.731767878
5.738848727
4.517139787
5.738848727
5.738848727
6.731767878
7.456312688
6.731767878
5.738848727