0.13126578664620914  
8.899507058991459  
2.5130332918015763  
8.806533784716946  
2.8274933014234627  
3.5181034164556104  
5.90137268624183  
6.388019671365965  
1.0188581796165714  
0.39646211603045955  
3.4330186640515175  
5.169765722027557  
8.778408394558866  
1.4127542212110349  
1.3408070221685051  
9.510051120528152  
1.7273577641255964  
0.756964042451783  
5.491572757144587  
3.783372425910101  
9.45964287387152  
8.923899028798887  
4.450796752642097  
2.7569900886863445  
6.550059801245773  
1.750104661445615  
6.147256670423205  
0.8794648949199618  
