90.39198607966112  
48.88287389767647  
99.40159949294932  
39.903993083151484  
88.23536072150948  
84.97761225202487  
16.20935593766432  
0.13126578664620914  
16.71397021551403  
8.899507058991459  
2.5130332918015763  
10.680848157316525  
73.83618913756358  
12.396265582261414  
32.6734889135781  
37.346102705873605  
47.298479292841186  
68.04320363427455  
94.14460381271132  
61.01300161800831  
39.84595818670506  
8.806533784716946  
24.882243651640863  
91.33670093937104  
90.1978043393228  
69.34567606559304  
97.49666581864896  
20.29100272692786  
15.216314616184844  
33.50372600486184  
33.0202433720944  
2.8274933014234627  
66.0050296442796  
82.49401773141165  
29.97849969737483  
50.581572960252394  
20.359111787809084  
53.90301547602551  
44.41683724014388  
98.33535781398308  
55.361417875811895  
91.88253377260752  
69.29975713496783  
19.68394188770451  
45.66897753512369  
83.22726932969826  
79.65569825391667  
29.598809749953908  
3.5181034164556104  
5.90137268624183  
65.4161583919214  
65.61935604400308  
54.87033295071685  
60.229084557233385  
81.70429023895416  
6.388019671365965  
27.615164697671936  
49.11198923598216  
12.107640709278765  
93.7636498697947  
47.20006117873908  
25.414497308873983  
1.0188581796165714  
58.782241411235546  
71.66256967615571  
79.030362393752  
43.3926547852176  
30.031741538250536  
92.29235095430084  
15.79127927168636  
13.730970484815824  
99.71932876553487  
38.316922583825274  
11.825482300973274  
0.39646211603045955  
75.53596275062918  
3.4330186640515175  
82.16468396115891  
60.348076381199625  
5.169765722027557  
51.00622178281128  
14.6750195142609  
21.94602302864412  
39.79214101453407  
45.62874545572487  
47.23251646062891  
29.813395818680085  
42.55488558753195  
12.91128970779002  
96.03889649534524  
8.778408394558866  
99.46028756358685  
13.056092635020267  
76.74514047950639  
23.59371158137293  
75.44783186979238  
60.41089226379388  
14.377403404663427  
35.07723750566692  
52.346217321307456  
37.92232254864912  
35.7202907802224  
1.4127542212110349  
17.36769906678736  
99.81673019205185  
94.83098587024593  
52.62907405344445  
16.829023935851286  
21.33066684449587  
46.07871465366453  
91.23443526569791  
78.16244401552439  
1.3408070221685051  
25.755890703096238  
55.835482038777116  
51.55950428360339  
9.510051120528152  
65.10786168687356  
60.86514607008295  
1.7273577641255964  
37.39008246019681  
72.72973486311663  
86.52773248697122  
26.10152759125444  
84.57753598700151  
15.6032520806877  
43.79237340586755  
99.54836449937197  
18.34256584305956  
39.58829194684418  
59.78060363460759  
41.47029385278913  
42.343070699925086  
55.437087238142865  
57.14897092237808  
34.51716025580024  
52.16058995378045  
82.18199602227969  
10.973455833763413  
58.23188758028292  
0.756964042451783  
5.491572757144587  
60.63604479069493  
56.82014713767996  
75.40942883085087  
83.75976749071349  
28.11157983714159  
3.783372425910101  
9.45964287387152  
28.90588238285077  
38.52885270793219  
8.923899028798887  
98.40214512605232  
44.827998023513494  
4.450796752642097  
42.39029853479982  
11.25490928234468  
66.98590159262534  
26.369429476213273  
47.95048375363452  
59.38032356945282  
2.7569900886863445  
69.38026127121783  
74.02616061977538  
11.644057575480648  
46.61867522085664  
52.60313222283213  
14.465746792287163  
84.35254781846334  
71.04005182175715  
6.550059801245773  
26.510727438358675  
42.11313621038199  
58.643427336119345  
38.09087650591367  
41.976745333166306  
30.902126808018213  
1.750104661445615  
58.480004225098156  
6.147256670423205  
82.70944094177058  
82.26124859602596  
19.96977449131617  
21.315104700048895  
67.83522291312669  
64.69972498241746  
23.140462390911097  
21.291146597631567  
40.79000564798738  
54.03225496828368  
13.855849743391873  
86.53749546553153  
0.8794648949199618  
30.870343289521937  
84.80959093168345  
