90.39198607966112  
90.39198607966112  
90.39198607966112  
90.39198607966112  
90.39198607966112  
90.39198607966112  
90.39198607966112  
90.39198607966112  
90.39198607966112  
90.39198607966112  
90.39198607966112  
90.39198607966112  
90.39198607966112  
90.39198607966112  
90.39198607966112  
90.39198607966112  
90.39198607966112  
90.39198607966112  
90.39198607966112  
90.39198607966112  
90.39198607966112  
90.39198607966112  
90.39198607966112  
90.39198607966112  
90.39198607966112  
12.396265582261414  
12.396265582261414  
12.396265582261414  
12.396265582261414  
12.396265582261414  
12.396265582261414  
12.396265582261414  
12.396265582261414  
12.396265582261414  
12.396265582261414  
12.396265582261414  
12.396265582261414  
12.396265582261414  
12.396265582261414  
12.396265582261414  
12.396265582261414  
12.396265582261414  
12.396265582261414  
12.396265582261414  
12.396265582261414  
12.396265582261414  
12.396265582261414  
12.396265582261414  
12.396265582261414  
12.396265582261414  
152.14705724385098  
152.14705724385098  
152.14705724385098  
152.14705724385098  
152.14705724385098  
152.14705724385098  
152.14705724385098  
152.14705724385098  
152.14705724385098  
152.14705724385098  
152.14705724385098  
152.14705724385098  
152.14705724385098  
152.14705724385098  
152.14705724385098  
152.14705724385098  
152.14705724385098  
152.14705724385098  
152.14705724385098  
152.14705724385098  
152.14705724385098  
152.14705724385098  
152.14705724385098  
152.14705724385098  
152.14705724385098  
155.48755892059225  
155.48755892059225  
155.48755892059225  
155.48755892059225  
155.48755892059225  
155.48755892059225  
155.48755892059225  
155.48755892059225  
155.48755892059225  
155.48755892059225  
155.48755892059225  
155.48755892059225  
155.48755892059225  
155.48755892059225  
155.48755892059225  
155.48755892059225  
155.48755892059225  
155.48755892059225  
155.48755892059225  
155.48755892059225  
155.48755892059225  
155.48755892059225  
155.48755892059225  
155.48755892059225  
155.48755892059225  
79.65569825391667  
79.65569825391667  
79.65569825391667  
79.65569825391667  
79.65569825391667  
79.65569825391667  
79.65569825391667  
79.65569825391667  
79.65569825391667  
79.65569825391667  
79.65569825391667  
79.65569825391667  
79.65569825391667  
79.65569825391667  
79.65569825391667  
79.65569825391667  
79.65569825391667  
79.65569825391667  
79.65569825391667  
79.65569825391667  
79.65569825391667  
79.65569825391667  
79.65569825391667  
79.65569825391667  
79.65569825391667  
177.5708719501884  
177.5708719501884  
177.5708719501884  
177.5708719501884  
177.5708719501884  
177.5708719501884  
177.5708719501884  
177.5708719501884  
177.5708719501884  
177.5708719501884  
177.5708719501884  
177.5708719501884  
177.5708719501884  
177.5708719501884  
177.5708719501884  
177.5708719501884  
177.5708719501884  
177.5708719501884  
177.5708719501884  
177.5708719501884  
177.5708719501884  
177.5708719501884  
177.5708719501884  
177.5708719501884  
177.5708719501884  
109.25381137314407  
109.25381137314407  
109.25381137314407  
109.25381137314407  
109.25381137314407  
109.25381137314407  
109.25381137314407  
109.25381137314407  
109.25381137314407  
109.25381137314407  
109.25381137314407  
109.25381137314407  
109.25381137314407  
109.25381137314407  
109.25381137314407  
109.25381137314407  
109.25381137314407  
109.25381137314407  
109.25381137314407  
109.25381137314407  
109.25381137314407  
109.25381137314407  
109.25381137314407  
109.25381137314407  
109.25381137314407  
122.19260717980505  
122.19260717980505  
122.19260717980505  
122.19260717980505  
122.19260717980505  
122.19260717980505  
122.19260717980505  
122.19260717980505  
122.19260717980505  
122.19260717980505  
122.19260717980505  
122.19260717980505  
122.19260717980505  
122.19260717980505  
122.19260717980505  
122.19260717980505  
122.19260717980505  
122.19260717980505  
122.19260717980505  
122.19260717980505  
122.19260717980505  
122.19260717980505  
122.19260717980505  
122.19260717980505  
122.19260717980505  
167.66488491173683  
167.66488491173683  
167.66488491173683  
167.66488491173683  
167.66488491173683  
167.66488491173683  
167.66488491173683  
167.66488491173683  
167.66488491173683  
167.66488491173683  
167.66488491173683  
167.66488491173683  
167.66488491173683  
167.66488491173683  
167.66488491173683  
167.66488491173683  
167.66488491173683  
167.66488491173683  
167.66488491173683  
167.66488491173683  
167.66488491173683  
167.66488491173683  
167.66488491173683  
167.66488491173683  
167.66488491173683  
17.36769906678736  
17.36769906678736  
17.36769906678736  
17.36769906678736  
17.36769906678736  
17.36769906678736  
17.36769906678736  
17.36769906678736  
17.36769906678736  
17.36769906678736  
17.36769906678736  
17.36769906678736  
17.36769906678736  
17.36769906678736  
17.36769906678736  
17.36769906678736  
17.36769906678736  
17.36769906678736  
17.36769906678736  
17.36769906678736  
17.36769906678736  
17.36769906678736  
17.36769906678736  
17.36769906678736  
17.36769906678736  
65.10786168687356  
65.10786168687356  
65.10786168687356  
65.10786168687356  
65.10786168687356  
65.10786168687356  
65.10786168687356  
65.10786168687356  
65.10786168687356  
65.10786168687356  
65.10786168687356  
65.10786168687356  
65.10786168687356  
65.10786168687356  
65.10786168687356  
65.10786168687356  
65.10786168687356  
65.10786168687356  
65.10786168687356  
65.10786168687356  
65.10786168687356  
65.10786168687356  
65.10786168687356  
65.10786168687356  
65.10786168687356  
59.78060363460759  
59.78060363460759  
59.78060363460759  
59.78060363460759  
59.78060363460759  
59.78060363460759  
59.78060363460759  
59.78060363460759  
59.78060363460759  
59.78060363460759  
59.78060363460759  
59.78060363460759  
59.78060363460759  
59.78060363460759  
59.78060363460759  
59.78060363460759  
59.78060363460759  
59.78060363460759  
59.78060363460759  
59.78060363460759  
59.78060363460759  
59.78060363460759  
59.78060363460759  
59.78060363460759  
59.78060363460759  
75.40942883085087  
75.40942883085087  
75.40942883085087  
75.40942883085087  
75.40942883085087  
75.40942883085087  
75.40942883085087  
75.40942883085087  
75.40942883085087  
75.40942883085087  
75.40942883085087  
75.40942883085087  
75.40942883085087  
75.40942883085087  
75.40942883085087  
75.40942883085087  
75.40942883085087  
75.40942883085087  
75.40942883085087  
75.40942883085087  
75.40942883085087  
75.40942883085087  
75.40942883085087  
75.40942883085087  
75.40942883085087  
172.24711893365608  
172.24711893365608  
172.24711893365608  
172.24711893365608  
172.24711893365608  
172.24711893365608  
172.24711893365608  
172.24711893365608  
172.24711893365608  
172.24711893365608  
172.24711893365608  
172.24711893365608  
172.24711893365608  
172.24711893365608  
172.24711893365608  
172.24711893365608  
172.24711893365608  
172.24711893365608  
172.24711893365608  
172.24711893365608  
172.24711893365608  
172.24711893365608  
172.24711893365608  
172.24711893365608  
172.24711893365608  
177.2145530200865  
177.2145530200865  
177.2145530200865  
177.2145530200865  
177.2145530200865  
177.2145530200865  
177.2145530200865  
177.2145530200865  
177.2145530200865  
177.2145530200865  
177.2145530200865  
177.2145530200865  
177.2145530200865  
177.2145530200865  
177.2145530200865  
177.2145530200865  
177.2145530200865  
177.2145530200865  
177.2145530200865  
177.2145530200865  
177.2145530200865  
177.2145530200865  
177.2145530200865  
177.2145530200865  
177.2145530200865  
82.26124859602596  
82.26124859602596  
82.26124859602596  
82.26124859602596  
82.26124859602596  
82.26124859602596  
82.26124859602596  
82.26124859602596  
82.26124859602596  
82.26124859602596  
82.26124859602596  
82.26124859602596  
82.26124859602596  
82.26124859602596  
82.26124859602596  
82.26124859602596  
82.26124859602596  
82.26124859602596  
82.26124859602596  
82.26124859602596  
82.26124859602596  
82.26124859602596  
82.26124859602596  
82.26124859602596  
82.26124859602596  
