90.39198607966112  
90.39198607966112  
90.39198607966112  
137.22499604457587  
137.22499604457587  
137.22499604457587  
88.23536072150948  
88.23536072150948  
88.23536072150948  
84.97761225202487  
84.97761225202487  
84.97761225202487  
152.92667080838473  
152.92667080838473  
152.92667080838473  
16.71397021551403  
16.71397021551403  
16.71397021551403  
10.680848157316525  
10.680848157316525  
10.680848157316525  
73.83618913756358  
73.83618913756358  
73.83618913756358  
176.28509873983333  
176.28509873983333  
176.28509873983333  
32.6734889135781  
32.6734889135781  
32.6734889135781  
108.91878412353557  
108.91878412353557  
108.91878412353557  
68.04320363427455  
68.04320363427455  
68.04320363427455  
143.49043756444001  
143.49043756444001  
143.49043756444001  
175.0555100166322  
175.0555100166322  
175.0555100166322  
154.6056753354556  
154.6056753354556  
154.6056753354556  
171.02256745733993  
171.02256745733993  
171.02256745733993  
168.94305338741356  
168.94305338741356  
168.94305338741356  
167.52070526698512  
167.52070526698512  
167.52070526698512  
90.1978043393228  
90.1978043393228  
90.1978043393228  
105.07957920038325  
105.07957920038325  
105.07957920038325  
179.42391359970622  
179.42391359970622  
179.42391359970622  
166.14627083291614  
166.14627083291614  
166.14627083291614  
33.0202433720944  
33.0202433720944  
33.0202433720944  
155.684293452835  
155.684293452835  
155.684293452835  
82.49401773141165  
82.49401773141165  
82.49401773141165  
155.48755892059225  
155.48755892059225  
155.48755892059225  
197.7801290219567  
197.7801290219567  
197.7801290219567  
98.33535781398308  
98.33535781398308  
98.33535781398308  
176.80368826806222  
176.80368826806222  
176.80368826806222  
116.65764517737033  
116.65764517737033  
116.65764517737033  
149.34177216218723  
149.34177216218723  
149.34177216218723  
187.4700896217517  
187.4700896217517  
187.4700896217517  
45.66897753512369  
45.66897753512369  
45.66897753512369  
149.5115486029058  
149.5115486029058  
149.5115486029058  
181.60987520354635  
181.60987520354635  
181.60987520354635  
3.5181034164556104  
3.5181034164556104  
3.5181034164556104  
65.61935604400308  
65.61935604400308  
65.61935604400308  
81.70429023895416  
81.70429023895416  
81.70429023895416  
149.36481677425147  
149.36481677425147  
149.36481677425147  
93.7636498697947  
93.7636498697947  
93.7636498697947  
143.24098718904241  
143.24098718904241  
143.24098718904241  
25.414497308873983  
25.414497308873983  
25.414497308873983  
180.99094370355314  
180.99094370355314  
180.99094370355314  
71.66256967615571  
71.66256967615571  
71.66256967615571  
144.06183102250773  
144.06183102250773  
144.06183102250773  
92.29235095430084  
92.29235095430084  
92.29235095430084  
13.730970484815824  
13.730970484815824  
13.730970484815824  
99.71932876553487  
99.71932876553487  
99.71932876553487  
122.8658813688971  
122.8658813688971  
122.8658813688971  
158.21106284386562  
158.21106284386562  
158.21106284386562  
109.25381137314407  
109.25381137314407  
109.25381137314407  
195.0644178115306  
195.0644178115306  
195.0644178115306  
60.348076381199625  
60.348076381199625  
60.348076381199625  
111.37667548341724  
111.37667548341724  
111.37667548341724  
155.05527145335824  
155.05527145335824  
155.05527145335824  
14.6750195142609  
14.6750195142609  
14.6750195142609  
21.94602302864412  
21.94602302864412  
21.94602302864412  
39.79214101453407  
39.79214101453407  
39.79214101453407  
146.3507764350864  
146.3507764350864  
146.3507764350864  
184.7615773602102  
184.7615773602102  
184.7615773602102  
192.56158705507482  
192.56158705507482  
192.56158705507482  
144.53432093058586  
144.53432093058586  
144.53432093058586  
185.75332079862287  
185.75332079862287  
185.75332079862287  
186.25990461956633  
186.25990461956633  
186.25990461956633  
96.03889649534524  
96.03889649534524  
96.03889649534524  
99.46028756358685  
99.46028756358685  
99.46028756358685  
113.36750920866615  
113.36750920866615  
113.36750920866615  
120.2257699515811  
120.2257699515811  
120.2257699515811  
75.44783186979238  
75.44783186979238  
75.44783186979238  
14.377403404663427  
14.377403404663427  
14.377403404663427  
52.346217321307456  
52.346217321307456  
52.346217321307456  
137.5854312534084  
137.5854312534084  
137.5854312534084  
179.33991780132052  
179.33991780132052  
179.33991780132052  
109.23135625190022  
109.23135625190022  
109.23135625190022  
35.7202907802224  
35.7202907802224  
35.7202907802224  
17.36769906678736  
17.36769906678736  
17.36769906678736  
99.81673019205185  
99.81673019205185  
99.81673019205185  
16.829023935851286  
16.829023935851286  
16.829023935851286  
91.23443526569791  
91.23443526569791  
91.23443526569791  
189.83107994821663  
189.83107994821663  
189.83107994821663  
170.2574324947601  
170.2574324947601  
170.2574324947601  
152.97855781874873  
152.97855781874873  
152.97855781874873  
55.835482038777116  
55.835482038777116  
55.835482038777116  
9.510051120528152  
9.510051120528152  
9.510051120528152  
106.07405102380682  
106.07405102380682  
106.07405102380682  
1.7273577641255964  
1.7273577641255964  
1.7273577641255964  
159.39425535571104  
159.39425535571104  
159.39425535571104  
162.17740298296292  
162.17740298296292  
162.17740298296292  
84.57753598700151  
84.57753598700151  
84.57753598700151  
119.17722065505578  
119.17722065505578  
119.17722065505578  
172.22340848987136  
172.22340848987136  
172.22340848987136  
39.58829194684418  
39.58829194684418  
39.58829194684418  
41.47029385278913  
41.47029385278913  
41.47029385278913  
42.343070699925086  
42.343070699925086  
42.343070699925086  
103.42995346025519  
103.42995346025519  
103.42995346025519  
57.14897092237808  
57.14897092237808  
57.14897092237808  
34.51716025580024  
34.51716025580024  
34.51716025580024  
82.18199602227969  
82.18199602227969  
82.18199602227969  
151.49853926495322  
151.49853926495322  
151.49853926495322  
5.491572757144587  
5.491572757144587  
5.491572757144587  
75.40942883085087  
75.40942883085087  
75.40942883085087  
28.11157983714159  
28.11157983714159  
28.11157983714159  
121.8368056516859  
121.8368056516859  
121.8368056516859  
200.92168918323205  
200.92168918323205  
200.92168918323205  
8.923899028798887  
8.923899028798887  
8.923899028798887  
44.827998023513494  
44.827998023513494  
44.827998023513494  
11.25490928234468  
11.25490928234468  
11.25490928234468  
171.95321737668579  
171.95321737668579  
171.95321737668579  
66.98590159262534  
66.98590159262534  
66.98590159262534  
173.07760897907602  
173.07760897907602  
173.07760897907602  
47.95048375363452  
47.95048375363452  
47.95048375363452  
169.17833089430076  
169.17833089430076  
169.17833089430076  
2.7569900886863445  
2.7569900886863445  
2.7569900886863445  
74.02616061977538  
74.02616061977538  
74.02616061977538  
46.61867522085664  
46.61867522085664  
46.61867522085664  
186.12181160576694  
186.12181160576694  
186.12181160576694  
71.04005182175715  
71.04005182175715  
71.04005182175715  
116.12644114966251  
116.12644114966251  
116.12644114966251  
6.550059801245773  
6.550059801245773  
6.550059801245773  
131.20803037936793  
131.20803037936793  
131.20803037936793  
125.99350842918905  
125.99350842918905  
125.99350842918905  
159.7507127079793  
159.7507127079793  
159.7507127079793  
188.97048229021374  
188.97048229021374  
188.97048229021374  
58.480004225098156  
58.480004225098156  
58.480004225098156  
82.70944094177058  
82.70944094177058  
82.70944094177058  
82.26124859602596  
82.26124859602596  
82.26124859602596  
21.315104700048895  
21.315104700048895  
21.315104700048895  
193.21889303456896  
193.21889303456896  
193.21889303456896  
23.140462390911097  
23.140462390911097  
23.140462390911097  
21.291146597631567  
21.291146597631567  
21.291146597631567  
13.855849743391873  
13.855849743391873  
13.855849743391873  
161.16388703401526  
161.16388703401526  
161.16388703401526  
192.86560249531513  
192.86560249531513  
192.86560249531513  
84.80959093168345  
