90.39198607966112 
48.88287389767647 
178.43067136890068 
137.22499604457587 
99.40159949294932 
39.903993083151484 
88.23536072150948 
111.97236870332354 
100.808941994621 
84.97761225202487 
146.42804355391564 
102.14241990061026 
152.92667080838473 
16.20935593766432 
0.13126578664620914 
16.71397021551403 
8.899507058991459 
2.5130332918015763 
10.680848157316525 
180.55220384439957 
133.80863175048722 
73.83618913756358 
144.4669006719188 
194.9307609824826 
176.28509873983333 
12.396265582261414 
177.4354548229892 
32.6734889135781 
37.346102705873605 
166.06977295305083 